0.0   43   0   26
0.089   45   0   28
0.177   47   0   30
0.266   49   0   32
0.355   51   0   34
0.443   52   0   35
0.532   53   0   36
0.62   55   0   38
0.709   57   0   41
0.798   60   0   43
0.886   62   0   45
0.975   64   1   48
1.064   66   1   50
1.152   68   1   52
1.241   70   1   54
1.33   72   1   57
1.418   72   1   57
1.507   73   1   58
1.596   75   2   61
1.684   77   2   63
1.773   78   2   66
1.861   80   2   68
1.95   83   2   71
2.039   85   2   74
2.127   87   2   76
2.216   89   2   79
2.305   91   3   81
2.393   94   3   84
2.482   96   3   86
2.571   98   3   89
2.659   100   3   92
2.748   102   3   94
2.837   105   4   97
2.925   107   4   100
3.014   108   4   102
3.102   108   4   102
3.191   110   4   104
3.28   112   5   107
3.368   114   5   109
3.457   116   5   111
3.546   118   6   113
3.634   119   6   114
3.723   120   6   116
3.812   121   6   117
3.9   121   6   118
3.989   121   6   119
4.078   120   6   119
4.166   120   6   119
4.255   119   7   118
4.343   117   7   117
4.432   115   7   116
4.521   113   7   115
4.609   111   7   114
4.698   111   7   114
4.787   110   7   113
4.875   107   7   112
4.964   105   8   111
5.053   102   8   109
5.141   99   8   108
5.23   96   8   106
5.319   93   8   104
5.407   91   8   103
5.496   88   9   102
5.584   86   9   101
5.673   82   9   99
5.762   79   9   98
5.85   77   9   97
5.939   74   9   95
6.028   72   10   93
6.116   69   10   92
6.205   69   10   92
6.294   68   10   91
6.382   65   10   90
6.471   63   10   89
6.56   60   10   87
6.648   58   10   86
6.737   55   10   85
6.825   53   11   84
6.914   49   11   82
7.003   46   11   80
7.091   44   11   79
7.18   41   11   77
7.269   39   11   76
7.357   37   11   76
7.446   35   12   75
7.535   33   13   75
7.623   32   13   75
7.712   31   14   75
7.801   30   16   77
7.889   30   16   77
7.978   30   16   77
8.066   30   18   78
8.155   30   19   80
8.244   30   20   81
8.332   30   21   83
8.421   30   23   85
8.51   30   24   87
8.598   30   25   89
8.687   30   27   91
8.776   30   28   93
8.864   30   29   95
8.953   30   31   97
9.042   30   33   99
9.13   30   34   101
9.219   31   35   103
9.307   31   37   105
9.396   31   38   107
9.485   31   39   108
9.573   31   39   108
9.662   31   40   110
9.751   31   42   112
9.839   31   43   114
9.928   31   45   116
10.017   31   46   118
10.105   31   47   120
10.194   31   49   122
10.283   31   50   124
10.371   31   52   126
10.46   31   53   128
10.548   31   55   130
10.637   31   56   132
10.726   32   57   133
10.814   32   59   136
10.903   32   60   137
10.992   32   61   139
11.08   32   63   141
11.169   32   64   142
11.258   32   64   142
11.346   32   65   144
11.435   32   67   146
11.524   32   68   148
11.612   32   69   150
11.701   32   71   152
11.789   33   73   155
11.878   33   74   157
11.967   33   76   159
12.055   33   78   161
12.144   33   79   162
12.233   33   81   164
12.321   33   83   166
12.41   34   85   168
12.499   34   87   170
12.587   34   89   172
12.676   35   90   173
12.765   35   90   173
12.853   35   92   175
12.942   35   94   177
13.03   36   96   179
13.119   36   99   181
13.208   36   101   183
13.296   37   103   185
13.385   37   104   186
13.474   37   107   187
13.562   37   109   189
13.651   38   111   192
13.74   38   114   194
13.828   38   116   196
13.917   39   118   198
14.006   40   120   200
14.094   40   122   202
14.183   40   124   204
14.271   41   127   206
14.36   41   127   206
14.449   41   128   207
14.537   41   130   209
14.626   41   132   211
14.715   42   133   212
14.803   42   135   214
14.892   42   137   216
14.981   42   139   218
15.069   42   141   220
15.158   43   144   222
15.247   43   146   224
15.335   43   148   226
15.424   44   150   228
15.512   44   152   230
15.601   44   155   232
15.69   45   157   234
15.778   46   159   236
15.867   46   161   238
15.956   46   163   239
16.044   46   163   239
16.133   46   164   240
16.222   47   167   242
16.31   47   169   244
16.399   48   171   244
16.488   47   172   243
16.576   47   172   240
16.665   46   173   236
16.753   45   174   230
16.842   45   174   224
16.931   44   173   215
17.019   42   172   206
17.108   41   171   196
17.197   40   170   184
17.285   39   168   171
17.374   37   166   159
17.463   36   165   147
17.551   35   164   134
17.64   35   164   133
17.729   34   163   129
17.817   32   163   115
17.906   31   163   103
17.994   29   163   90
18.083   27   164   77
18.172   26   165   63
18.26   25   167   52
18.349   25   169   42
18.438   26   171   31
18.526   28   175   23
18.615   30   177   16
18.704   33   180   10
18.792   37   182   6
18.881   41   185   3
18.97   46   187   0
19.058   53   189   0
19.147   55   190   0
19.235   56   190   0
19.324   63   193   0
19.413   70   195   0
19.501   76   197   0
19.59   84   200   0
19.679   91   202   0
19.767   98   204   0
19.856   104   205   0
19.945   112   208   0
20.033   119   210   0
20.122   126   213   0
20.211   133   215   0
20.299   140   217   0
20.388   147   220   0
20.476   155   222   0
20.565   162   224   0
20.654   169   226   0
20.742   176   229   0
20.831   176   229   0
20.92   180   230   0
21.008   187   232   0
21.097   193   234   0
21.186   200   236   0
21.274   207   238   0
21.363   214   241   0
21.452   221   243   0
21.54   227   245   0
21.629   233   246   0
21.717   238   247   0
21.806   241   247   0
21.895   245   246   0
21.983   248   244   0
22.072   251   243   0
22.161   252   241   0
22.249   254   238   0
22.338   254   235   0
22.427   255   234   0
22.515   255   234   0
22.604   255   230   0
22.693   255   226   0
22.781   255   223   0
22.87   255   219   0
22.958   255   216   0
23.047   255   212   0
23.136   255   209   0
23.224   255   205   0
23.313   255   202   0
23.402   255   198   0
23.49   255   195   0
23.579   255   192   0
23.668   255   189   0
23.756   255   185   0
23.845   255   181   0
23.934   255   178   0
24.022   255   175   0
24.111   255   175   0
24.199   255   174   0
24.288   255   170   0
24.377   255   167   0
24.465   255   163   0
24.554   255   160   0
24.643   255   156   0
24.731   255   152   0
24.82   255   149   0
24.909   255   145   0
24.997   255   142   0
25.086   255   138   0
25.175   255   135   0
25.263   255   131   0
25.352   254   128   0
25.44   253   125   0
25.529   253   122   0
25.618   253   122   0
25.706   252   121   0
25.795   252   117   0
25.884   251   115   0
25.972   250   112   0
26.061   250   110   0
26.15   249   107   0
26.238   248   106   0
26.327   246   103   0
26.416   245   100   0
26.504   244   98   0
26.593   242   96   0
26.681   241   94   0
26.77   240   91   0
26.859   239   89   0
26.947   237   86   0
27.036   236   83   0
27.125   235   81   0
27.213   234   80   0
27.302   234   80   0
27.391   233   78   0
27.479   232   76   0
27.568   230   73   0
27.657   229   71   0
27.745   228   69   0
27.834   226   67   0
27.922   225   65   0
28.011   224   62   0
28.1   223   60   0
28.188   221   58   0
28.277   220   55   0
28.366   219   53   0
28.454   217   50   0
28.543   216   48   0
28.632   214   46   0
28.72   212   44   0
28.809   210   42   0
28.898   210   42   0
28.986   210   42   0
29.075   207   40   0
29.163   205   38   0
29.252   202   37   0
29.341   199   35   0
29.429   196   33   0
29.518   192   32   0
29.607   189   31   0
29.695   186   30   0
29.784   182   29   0
29.873   178   28   0
29.961   175   26   0
30.05   172   25   0
30.139   169   24   0
30.227   166   23   0
30.316   162   21   0
30.404   159   20   0
30.493   156   20   0
30.582   156   20   0
30.67   155   19   0
30.759   151   18   0
30.848   148   17   0
30.936   144   15   0
31.025   141   14   0
31.114   137   13   0
31.202   134   11   0
31.291   131   10   0
31.38   127   9   0
31.468   124   8   0
31.557   121   7   0
31.645   118   6   0
31.734   115   5   0
31.823   112   3   0
31.911   109   2   0
32.0   107   2   0
