-1000 -889 0 0 0
-888 -21 255 255 255
-20 0 23 15 88
0 2 46 0 103
2 4 57 0 111
4 6 68 0 119
6 8 79 0 127
8 10 90 0 135
10 12 101 0 143
12 14 112 0 151
14 16 123 0 159
16 18 134 0 167
18 20 145 0 175
20 22 156 0 183
22 24 167 0 191
24 26 178 0 199
26 28 189 0 207
28 30 200 0 215
30 32 211 0 223
32 34 222 0 231
34 36 233 0 239
36 38 244 0 247
38 40 255 0 255
40 42 242 0 255
42 44 229 0 255
44 46 216 0 255
46 48 203 0 255
48 50 190 0 255
50 52 177 0 255
52 54 164 0 255
54 56 151 0 255
56 58 138 0 255
58 60 125 0 255
60 62 112 0 255
62 64 99 0 255
64 66 86 0 255
66 68 73 0 255
68 70 60 0 255
70 72 47 0 255
72 74 34 0 255
74 76 21 0 255
76 78 8 0 255
78 80 0 0 255
80 82 0 8 255
82 84 0 16 255
84 86 0 24 255
86 88 0 32 255
88 90 0 40 255
90 92 0 48 255
92 94 0 56 255
94 96 0 64 255
96 98 0 72 255
98 100 0 80 255
100 102 0 88 255
102 104 0 96 255
104 106 0 104 255
106 108 0 112 255
108 110 0 120 255
110 112 0 128 255
112 114 0 136 255
114 116 0 144 255
116 118 0 152 255
118 120 0 160 255
120 122 0 168 255
122 124 0 176 255
124 126 0 184 255
126 128 0 192 255
128 130 0 200 255
130 132 0 210 255
132 134 0 220 255
134 136 0 230 255
136 138 0 240 255
138 140 0 255 255
140 142 0 255 242
142 144 0 255 229
144 146 0 255 216
146 148 0 255 203
148 150 0 255 190
150 152 0 255 177
152 154 0 255 164
154 156 0 255 151
156 158 0 255 138
158 160 0 255 125
160 162 0 255 112
162 164 0 255 99
164 166 0 255 86
166 168 0 255 73
168 170 0 255 60
170 172 0 255 47
172 174 0 255 34
174 176 0 255 21
176 178 0 255 8
178 180 0 255 0
180 182 8 255 0
182 184 16 255 0
184 186 24 255 0
186 188 32 255 0
188 190 40 255 0
190 192 48 255 0
192 194 56 255 0
194 196 64 255 0
196 198 72 255 0
198 200 80 255 0
200 202 88 255 0
202 204 96 255 0
204 206 104 255 0
206 208 112 255 0
208 210 120 255 0
210 212 128 255 0
212 214 136 255 0
214 216 144 255 0
216 218 152 255 0
218 220 160 255 0
220 222 168 255 0
222 224 176 255 0
224 226 184 255 0
226 228 192 255 0
228 230 200 255 0
230 232 210 255 0
232 234 220 255 0
234 236 230 255 0
236 238 240 255 0
238 240 255 255 0
240 242 255 247 0
242 244 255 239 0
244 246 255 231 0
246 248 255 223 0
248 250 255 215 0
250 252 255 207 0
252 254 255 199 0
254 256 255 191 0
256 258 255 183 0
258 260 255 175 0
260 262 255 167 0
262 264 255 159 0
264 266 255 151 0
266 268 255 143 0
268 270 255 135 0
270 272 255 127 0
272 274 255 119 0
274 276 255 111 0
276 278 255 103 0
278 280 255 95 0
280 282 255 87 0
282 284 255 79 0
284 286 255 71 0
286 288 255 63 0
288 290 255 55 0
290 292 255 40 0
292 294 255 30 0
294 296 255 20 0
296 298 255 10 0
298 300 255 0 0
300 302 251 0 0
302 304 247 0 0
304 306 243 0 0
306 308 239 0 0
308 310 235 0 0
310 312 231 0 0
312 314 227 0 0
314 316 223 0 0
316 318 219 0 0
318 320 215 0 0
320 322 211 0 0
322 324 207 0 0
324 326 203 0 0
326 328 199 0 0
328 330 195 0 0
330 332 191 0 0
332 334 187 0 0
334 336 183 0 0
336 338 179 0 0
338 340 175 0 0
340 342 171 0 0
342 344 167 0 0
344 346 163 0 0
346 348 159 0 0
348 350 155 0 0
