0.000000 0.000000 0.000000 127.000000
0.000283 0.000000 0.000000 127.000000
0.000566 0.000000 0.000000 132.000000
0.000848 0.000000 0.000000 132.000000
0.001131 0.000000 0.000000 136.000000
0.001414 0.000000 0.000000 136.000000
0.001697 0.000000 0.000000 141.000000
0.001980 0.000000 0.000000 141.000000
0.002263 0.000000 0.000000 145.000000
0.002545 0.000000 0.000000 145.000000
0.002828 0.000000 0.000000 150.000000
0.003111 0.000000 0.000000 150.000000
0.003394 0.000000 0.000000 154.000000
0.003677 0.000000 0.000000 154.000000
0.003960 0.000000 0.000000 159.000000
0.004242 0.000000 0.000000 163.000000
0.004525 0.000000 0.000000 163.000000
0.004808 0.000000 0.000000 168.000000
0.005091 0.000000 0.000000 168.000000
0.005374 0.000000 0.000000 172.000000
0.005657 0.000000 0.000000 172.000000
0.005939 0.000000 0.000000 177.000000
0.006222 0.000000 0.000000 177.000000
0.006505 0.000000 0.000000 182.000000
0.006788 0.000000 0.000000 182.000000
0.007071 0.000000 0.000000 186.000000
0.007354 0.000000 0.000000 186.000000
0.007636 0.000000 0.000000 191.000000
0.007919 0.000000 0.000000 191.000000
0.008202 0.000000 0.000000 195.000000
0.008485 0.000000 0.000000 195.000000
0.008768 0.000000 0.000000 200.000000
0.009051 0.000000 0.000000 200.000000
0.009333 0.000000 0.000000 204.000000
0.009616 0.000000 0.000000 204.000000
0.009899 0.000000 0.000000 209.000000
0.010182 0.000000 0.000000 209.000000
0.010465 0.000000 0.000000 213.000000
0.010747 0.000000 0.000000 213.000000
0.011030 0.000000 0.000000 218.000000
0.011313 0.000000 0.000000 218.000000
0.011596 0.000000 0.000000 222.000000
0.011879 0.000000 0.000000 222.000000
0.012162 0.000000 0.000000 227.000000
0.012444 0.000000 0.000000 227.000000
0.012727 0.000000 0.000000 232.000000
0.013010 0.000000 0.000000 236.000000
0.013293 0.000000 0.000000 236.000000
0.013576 0.000000 0.000000 241.000000
0.013859 0.000000 0.000000 241.000000
0.014141 0.000000 0.000000 245.000000
0.014424 0.000000 0.000000 245.000000
0.014707 0.000000 0.000000 250.000000
0.014990 0.000000 0.000000 250.000000
0.015273 0.000000 0.000000 254.000000
0.015556 0.000000 0.000000 254.000000
0.015838 0.000000 0.000000 255.000000
0.016121 0.000000 0.000000 255.000000
0.016404 0.000000 0.000000 255.000000
0.016687 0.000000 0.000000 255.000000
0.016970 0.000000 0.000000 255.000000
0.017253 0.000000 0.000000 255.000000
0.017535 0.000000 0.000000 255.000000
0.017818 0.000000 0.000000 255.000000
0.018101 0.000000 4.000000 255.000000
0.018384 0.000000 4.000000 255.000000
0.018667 0.000000 8.000000 255.000000
0.018949 0.000000 8.000000 255.000000
0.019232 0.000000 12.000000 255.000000
0.019515 0.000000 12.000000 255.000000
0.019798 0.000000 16.000000 255.000000
0.020081 0.000000 16.000000 255.000000
0.020364 0.000000 20.000000 255.000000
0.020646 0.000000 20.000000 255.000000
0.020929 0.000000 24.000000 255.000000
0.021212 0.000000 24.000000 255.000000
0.021495 0.000000 28.000000 255.000000
0.021778 0.000000 32.000000 255.000000
0.022061 0.000000 32.000000 255.000000
0.022343 0.000000 36.000000 255.000000
0.022626 0.000000 36.000000 255.000000
0.022909 0.000000 40.000000 255.000000
0.023192 0.000000 40.000000 255.000000
0.023475 0.000000 44.000000 255.000000
0.023758 0.000000 44.000000 255.000000
0.024040 0.000000 48.000000 255.000000
0.024323 0.000000 48.000000 255.000000
0.024606 0.000000 52.000000 255.000000
0.024889 0.000000 52.000000 255.000000
0.025172 0.000000 56.000000 255.000000
0.025455 0.000000 56.000000 255.000000
0.025737 0.000000 60.000000 255.000000
0.026020 0.000000 60.000000 255.000000
0.026303 0.000000 64.000000 255.000000
0.026586 0.000000 64.000000 255.000000
0.026869 0.000000 68.000000 255.000000
0.027152 0.000000 68.000000 255.000000
0.027434 0.000000 72.000000 255.000000
0.027717 0.000000 72.000000 255.000000
0.028000 0.000000 76.000000 255.000000
0.028283 0.000000 76.000000 255.000000
0.028566 0.000000 80.000000 255.000000
0.028848 0.000000 80.000000 255.000000
0.029131 0.000000 84.000000 255.000000
0.029414 0.000000 84.000000 255.000000
0.029697 0.000000 88.000000 255.000000
0.029980 0.000000 88.000000 255.000000
0.030263 0.000000 92.000000 255.000000
0.030545 0.000000 96.000000 255.000000
0.030828 0.000000 96.000000 255.000000
0.031111 0.000000 100.000000 255.000000
0.031394 0.000000 100.000000 255.000000
0.031677 0.000000 104.000000 255.000000
0.031960 0.000000 104.000000 255.000000
0.032242 0.000000 108.000000 255.000000
0.032525 0.000000 108.000000 255.000000
0.032808 0.000000 112.000000 255.000000
0.033091 0.000000 112.000000 255.000000
0.033374 0.000000 116.000000 255.000000
0.033657 0.000000 116.000000 255.000000
0.033939 0.000000 120.000000 255.000000
0.034222 0.000000 120.000000 255.000000
0.034505 0.000000 124.000000 255.000000
0.034788 0.000000 124.000000 255.000000
0.035071 0.000000 128.000000 255.000000
0.035354 0.000000 128.000000 255.000000
0.035636 0.000000 132.000000 255.000000
0.035919 0.000000 132.000000 255.000000
0.036202 0.000000 136.000000 255.000000
0.036485 0.000000 136.000000 255.000000
0.036768 0.000000 140.000000 255.000000
0.037051 0.000000 140.000000 255.000000
0.037333 0.000000 144.000000 255.000000
0.037616 0.000000 144.000000 255.000000
0.037899 0.000000 148.000000 255.000000
0.038182 0.000000 148.000000 255.000000
0.038465 0.000000 152.000000 255.000000
0.038747 0.000000 152.000000 255.000000
0.039030 0.000000 156.000000 255.000000
0.039313 0.000000 160.000000 255.000000
0.039596 0.000000 160.000000 255.000000
0.039879 0.000000 164.000000 255.000000
0.040162 0.000000 164.000000 255.000000
0.040444 0.000000 168.000000 255.000000
0.040727 0.000000 168.000000 255.000000
0.041010 0.000000 172.000000 255.000000
0.041293 0.000000 172.000000 255.000000
0.041576 0.000000 176.000000 255.000000
0.041859 0.000000 176.000000 255.000000
0.042141 0.000000 180.000000 255.000000
0.042424 0.000000 180.000000 255.000000
0.042707 0.000000 184.000000 255.000000
0.042990 0.000000 184.000000 255.000000
0.043273 0.000000 188.000000 255.000000
0.043556 0.000000 188.000000 255.000000
0.043838 0.000000 192.000000 255.000000
0.044121 0.000000 192.000000 255.000000
0.044404 0.000000 196.000000 255.000000
0.044687 0.000000 196.000000 255.000000
0.044970 0.000000 200.000000 255.000000
0.045253 0.000000 200.000000 255.000000
0.045535 0.000000 204.000000 255.000000
0.045818 0.000000 204.000000 255.000000
0.046101 0.000000 208.000000 255.000000
0.046384 0.000000 208.000000 255.000000
0.046667 0.000000 212.000000 255.000000
0.046949 0.000000 212.000000 255.000000
0.047232 0.000000 216.000000 255.000000
0.047515 0.000000 216.000000 255.000000
0.047798 0.000000 220.000000 254.000000
0.048081 0.000000 224.000000 250.000000
0.048364 0.000000 224.000000 250.000000
0.048646 0.000000 228.000000 247.000000
0.048929 0.000000 228.000000 247.000000
0.049212 2.000000 232.000000 244.000000
0.049495 2.000000 232.000000 244.000000
0.049778 5.000000 236.000000 241.000000
0.050061 5.000000 236.000000 241.000000
0.050343 8.000000 240.000000 237.000000
0.050626 8.000000 240.000000 237.000000
0.050909 12.000000 244.000000 234.000000
0.051192 12.000000 244.000000 234.000000
0.051475 15.000000 248.000000 231.000000
0.051758 15.000000 248.000000 231.000000
0.052040 18.000000 252.000000 228.000000
0.052323 18.000000 252.000000 228.000000
0.052606 21.000000 255.000000 225.000000
0.052889 21.000000 255.000000 225.000000
0.053172 24.000000 255.000000 221.000000
0.053455 24.000000 255.000000 221.000000
0.053737 28.000000 255.000000 218.000000
0.054020 28.000000 255.000000 218.000000
0.054303 31.000000 255.000000 215.000000
0.054586 31.000000 255.000000 215.000000
0.054869 34.000000 255.000000 212.000000
0.055152 34.000000 255.000000 212.000000
0.055434 37.000000 255.000000 208.000000
0.055717 37.000000 255.000000 208.000000
0.056000 41.000000 255.000000 205.000000
0.056283 41.000000 255.000000 205.000000
0.056566 44.000000 255.000000 202.000000
0.056848 47.000000 255.000000 199.000000
0.057131 47.000000 255.000000 199.000000
0.057414 50.000000 255.000000 195.000000
0.057697 50.000000 255.000000 195.000000
0.057980 54.000000 255.000000 192.000000
0.058263 54.000000 255.000000 192.000000
0.058545 57.000000 255.000000 189.000000
0.058828 57.000000 255.000000 189.000000
0.059111 60.000000 255.000000 186.000000
0.059394 60.000000 255.000000 186.000000
0.059677 63.000000 255.000000 183.000000
0.059960 63.000000 255.000000 183.000000
0.060242 66.000000 255.000000 179.000000
0.060525 66.000000 255.000000 179.000000
0.060808 70.000000 255.000000 176.000000
0.061091 70.000000 255.000000 176.000000
0.061374 73.000000 255.000000 173.000000
0.061657 73.000000 255.000000 173.000000
0.061939 76.000000 255.000000 170.000000
0.062222 76.000000 255.000000 170.000000
0.062505 79.000000 255.000000 166.000000
0.062788 79.000000 255.000000 166.000000
0.063071 83.000000 255.000000 163.000000
0.063354 83.000000 255.000000 163.000000
0.063636 86.000000 255.000000 160.000000
0.063919 86.000000 255.000000 160.000000
0.064202 89.000000 255.000000 157.000000
0.064485 89.000000 255.000000 157.000000
0.064768 92.000000 255.000000 154.000000
0.065051 92.000000 255.000000 154.000000
0.065333 95.000000 255.000000 150.000000
0.065616 99.000000 255.000000 147.000000
0.065899 99.000000 255.000000 147.000000
0.066182 102.000000 255.000000 144.000000
0.066465 102.000000 255.000000 144.000000
0.066747 105.000000 255.000000 141.000000
0.067030 105.000000 255.000000 141.000000
0.067313 108.000000 255.000000 137.000000
0.067596 108.000000 255.000000 137.000000
0.067879 112.000000 255.000000 134.000000
0.068162 112.000000 255.000000 134.000000
0.068444 115.000000 255.000000 131.000000
0.068727 115.000000 255.000000 131.000000
0.069010 118.000000 255.000000 128.000000
0.069293 118.000000 255.000000 128.000000
0.069576 121.000000 255.000000 125.000000
0.069859 121.000000 255.000000 125.000000
0.070141 124.000000 255.000000 121.000000
0.070424 124.000000 255.000000 121.000000
0.070707 128.000000 255.000000 118.000000
0.070990 128.000000 255.000000 118.000000
0.071273 131.000000 255.000000 115.000000
0.071556 131.000000 255.000000 115.000000
0.071838 134.000000 255.000000 112.000000
0.072121 134.000000 255.000000 112.000000
0.072404 137.000000 255.000000 108.000000
0.072687 137.000000 255.000000 108.000000
0.072970 141.000000 255.000000 105.000000
0.073253 141.000000 255.000000 105.000000
0.073535 144.000000 255.000000 102.000000
0.073818 144.000000 255.000000 102.000000
0.074101 147.000000 255.000000 99.000000
0.074384 150.000000 255.000000 95.000000
0.074667 150.000000 255.000000 95.000000
0.074949 154.000000 255.000000 92.000000
0.075232 154.000000 255.000000 92.000000
0.075515 157.000000 255.000000 89.000000
0.075798 157.000000 255.000000 89.000000
0.076081 160.000000 255.000000 86.000000
0.076364 160.000000 255.000000 86.000000
0.076646 163.000000 255.000000 83.000000
0.076929 163.000000 255.000000 83.000000
0.077212 166.000000 255.000000 79.000000
0.077495 166.000000 255.000000 79.000000
0.077778 170.000000 255.000000 76.000000
0.078061 170.000000 255.000000 76.000000
0.078343 173.000000 255.000000 73.000000
0.078626 173.000000 255.000000 73.000000
0.078909 176.000000 255.000000 70.000000
0.079192 176.000000 255.000000 70.000000
0.079475 179.000000 255.000000 66.000000
0.079758 179.000000 255.000000 66.000000
0.080040 183.000000 255.000000 63.000000
0.080323 183.000000 255.000000 63.000000
0.080606 186.000000 255.000000 60.000000
0.080889 186.000000 255.000000 60.000000
0.081172 189.000000 255.000000 57.000000
0.081455 189.000000 255.000000 57.000000
0.081737 192.000000 255.000000 54.000000
0.082020 192.000000 255.000000 54.000000
0.082303 195.000000 255.000000 50.000000
0.082586 195.000000 255.000000 50.000000
0.082869 199.000000 255.000000 47.000000
0.083152 202.000000 255.000000 44.000000
0.083434 202.000000 255.000000 44.000000
0.083717 205.000000 255.000000 41.000000
0.084000 205.000000 255.000000 41.000000
0.084283 208.000000 255.000000 37.000000
0.084566 208.000000 255.000000 37.000000
0.084848 212.000000 255.000000 34.000000
0.085131 212.000000 255.000000 34.000000
0.085414 215.000000 255.000000 31.000000
0.085697 215.000000 255.000000 31.000000
0.085980 218.000000 255.000000 28.000000
0.086263 218.000000 255.000000 28.000000
0.086545 221.000000 255.000000 24.000000
0.086828 221.000000 255.000000 24.000000
0.087111 224.000000 255.000000 21.000000
0.087394 224.000000 255.000000 21.000000
0.087677 228.000000 255.000000 18.000000
0.087960 228.000000 255.000000 18.000000
0.088242 231.000000 255.000000 15.000000
0.088525 231.000000 255.000000 15.000000
0.088808 234.000000 255.000000 12.000000
0.089091 234.000000 255.000000 12.000000
0.089374 237.000000 255.000000 8.000000
0.089657 237.000000 255.000000 8.000000
0.089939 241.000000 252.000000 5.000000
0.090222 241.000000 252.000000 5.000000
0.090505 244.000000 248.000000 2.000000
0.090788 244.000000 248.000000 2.000000
0.091071 247.000000 244.000000 0.000000
0.091354 247.000000 244.000000 0.000000
0.091636 250.000000 240.000000 0.000000
0.091919 254.000000 237.000000 0.000000
0.092202 254.000000 237.000000 0.000000
0.092485 255.000000 233.000000 0.000000
0.092768 255.000000 233.000000 0.000000
0.093051 255.000000 229.000000 0.000000
0.093333 255.000000 229.000000 0.000000
0.093616 255.000000 226.000000 0.000000
0.093899 255.000000 226.000000 0.000000
0.094182 255.000000 222.000000 0.000000
0.094465 255.000000 222.000000 0.000000
0.094747 255.000000 218.000000 0.000000
0.095030 255.000000 218.000000 0.000000
0.095313 255.000000 215.000000 0.000000
0.095596 255.000000 215.000000 0.000000
0.095879 255.000000 211.000000 0.000000
0.096162 255.000000 211.000000 0.000000
0.096444 255.000000 207.000000 0.000000
0.096727 255.000000 207.000000 0.000000
0.097010 255.000000 203.000000 0.000000
0.097293 255.000000 203.000000 0.000000
0.097576 255.000000 200.000000 0.000000
0.097859 255.000000 200.000000 0.000000
0.098141 255.000000 196.000000 0.000000
0.098424 255.000000 196.000000 0.000000
0.098707 255.000000 192.000000 0.000000
0.098990 255.000000 192.000000 0.000000
0.099273 255.000000 189.000000 0.000000
0.099556 255.000000 189.000000 0.000000
0.099838 255.000000 185.000000 0.000000
0.100121 255.000000 185.000000 0.000000
0.100404 255.000000 181.000000 0.000000
0.100687 255.000000 177.000000 0.000000
0.100970 255.000000 177.000000 0.000000
0.101253 255.000000 174.000000 0.000000
0.101535 255.000000 174.000000 0.000000
0.101818 255.000000 170.000000 0.000000
0.102101 255.000000 170.000000 0.000000
0.102384 255.000000 166.000000 0.000000
0.102667 255.000000 166.000000 0.000000
0.102949 255.000000 163.000000 0.000000
0.103232 255.000000 163.000000 0.000000
0.103515 255.000000 159.000000 0.000000
0.103798 255.000000 159.000000 0.000000
0.104081 255.000000 155.000000 0.000000
0.104364 255.000000 155.000000 0.000000
0.104646 255.000000 152.000000 0.000000
0.104929 255.000000 152.000000 0.000000
0.105212 255.000000 148.000000 0.000000
0.105495 255.000000 148.000000 0.000000
0.105778 255.000000 144.000000 0.000000
0.106061 255.000000 144.000000 0.000000
0.106343 255.000000 140.000000 0.000000
0.106626 255.000000 140.000000 0.000000
0.106909 255.000000 137.000000 0.000000
0.107192 255.000000 137.000000 0.000000
0.107475 255.000000 133.000000 0.000000
0.107758 255.000000 133.000000 0.000000
0.108040 255.000000 129.000000 0.000000
0.108323 255.000000 129.000000 0.000000
0.108606 255.000000 126.000000 0.000000
0.108889 255.000000 126.000000 0.000000
0.109172 255.000000 122.000000 0.000000
0.109455 255.000000 118.000000 0.000000
0.109737 255.000000 118.000000 0.000000
0.110020 255.000000 115.000000 0.000000
0.110303 255.000000 115.000000 0.000000
0.110586 255.000000 111.000000 0.000000
0.110869 255.000000 111.000000 0.000000
0.111152 255.000000 107.000000 0.000000
0.111434 255.000000 107.000000 0.000000
0.111717 255.000000 103.000000 0.000000
0.112000 255.000000 103.000000 0.000000
0.112283 255.000000 100.000000 0.000000
0.112566 255.000000 100.000000 0.000000
0.112848 255.000000 96.000000 0.000000
0.113131 255.000000 96.000000 0.000000
0.113414 255.000000 92.000000 0.000000
0.113697 255.000000 92.000000 0.000000
0.113980 255.000000 89.000000 0.000000
0.114263 255.000000 89.000000 0.000000
0.114545 255.000000 85.000000 0.000000
0.114828 255.000000 85.000000 0.000000
0.115111 255.000000 81.000000 0.000000
0.115394 255.000000 81.000000 0.000000
0.115677 255.000000 77.000000 0.000000
0.115960 255.000000 77.000000 0.000000
0.116242 255.000000 74.000000 0.000000
0.116525 255.000000 74.000000 0.000000
0.116808 255.000000 70.000000 0.000000
0.117091 255.000000 70.000000 0.000000
0.117374 255.000000 66.000000 0.000000
0.117657 255.000000 66.000000 0.000000
0.117939 255.000000 63.000000 0.000000
0.118222 255.000000 59.000000 0.000000
0.118505 255.000000 59.000000 0.000000
0.118788 255.000000 55.000000 0.000000
0.119071 255.000000 55.000000 0.000000
0.119354 255.000000 52.000000 0.000000
0.119636 255.000000 52.000000 0.000000
0.119919 255.000000 48.000000 0.000000
0.120202 255.000000 48.000000 0.000000
0.120485 255.000000 44.000000 0.000000
0.120768 255.000000 44.000000 0.000000
0.121051 255.000000 40.000000 0.000000
0.121333 255.000000 40.000000 0.000000
0.121616 255.000000 37.000000 0.000000
0.121899 255.000000 37.000000 0.000000
0.122182 255.000000 33.000000 0.000000
0.122465 255.000000 33.000000 0.000000
0.122747 255.000000 29.000000 0.000000
0.123030 255.000000 29.000000 0.000000
0.123313 255.000000 26.000000 0.000000
0.123596 255.000000 26.000000 0.000000
0.123879 255.000000 22.000000 0.000000
0.124162 255.000000 22.000000 0.000000
0.124444 254.000000 18.000000 0.000000
0.124727 254.000000 18.000000 0.000000
0.125010 250.000000 15.000000 0.000000
0.125293 250.000000 15.000000 0.000000
0.125576 245.000000 11.000000 0.000000
0.125859 245.000000 11.000000 0.000000
0.126141 241.000000 7.000000 0.000000
0.126424 241.000000 7.000000 0.000000
0.126707 236.000000 3.000000 0.000000
0.126990 232.000000 0.000000 0.000000
0.127273 232.000000 0.000000 0.000000
0.127556 227.000000 0.000000 0.000000
0.127838 227.000000 0.000000 0.000000
0.128121 222.000000 0.000000 0.000000
0.128404 222.000000 0.000000 0.000000
0.128687 218.000000 0.000000 0.000000
0.128970 218.000000 0.000000 0.000000
0.129253 213.000000 0.000000 0.000000
0.129535 213.000000 0.000000 0.000000
0.129818 209.000000 0.000000 0.000000
0.130101 209.000000 0.000000 0.000000
0.130384 204.000000 0.000000 0.000000
0.130667 204.000000 0.000000 0.000000
0.130949 200.000000 0.000000 0.000000
0.131232 200.000000 0.000000 0.000000
0.131515 195.000000 0.000000 0.000000
0.131798 195.000000 0.000000 0.000000
0.132081 191.000000 0.000000 0.000000
0.132364 191.000000 0.000000 0.000000
0.132646 186.000000 0.000000 0.000000
0.132929 186.000000 0.000000 0.000000
0.133212 182.000000 0.000000 0.000000
0.133495 182.000000 0.000000 0.000000
0.133778 177.000000 0.000000 0.000000
0.134061 177.000000 0.000000 0.000000
0.134343 172.000000 0.000000 0.000000
0.134626 172.000000 0.000000 0.000000
0.134909 168.000000 0.000000 0.000000
0.135192 168.000000 0.000000 0.000000
0.135475 163.000000 0.000000 0.000000
0.135758 159.000000 0.000000 0.000000
0.136040 159.000000 0.000000 0.000000
0.136323 154.000000 0.000000 0.000000
0.136606 154.000000 0.000000 0.000000
0.136889 150.000000 0.000000 0.000000
0.137172 150.000000 0.000000 0.000000
0.137455 145.000000 0.000000 0.000000
0.137737 145.000000 0.000000 0.000000
0.138020 141.000000 0.000000 0.000000
0.138303 141.000000 0.000000 0.000000
0.138586 136.000000 0.000000 0.000000
0.138869 136.000000 0.000000 0.000000
0.139152 132.000000 0.000000 0.000000
0.139434 132.000000 0.000000 0.000000
0.139717 127.000000 0.000000 0.000000
0.140000 127.000000 0.000000 0.000000
