2.800000000000000000e+02 4.300000000000000000e+01 0.000000000000000000e+00 2.600000000000000000e+01
2.800552486187845034e+02 4.500000000000000000e+01 0.000000000000000000e+00 2.800000000000000000e+01
2.801104972375690636e+02 4.700000000000000000e+01 0.000000000000000000e+00 3.000000000000000000e+01
2.801657458563535670e+02 4.900000000000000000e+01 0.000000000000000000e+00 3.200000000000000000e+01
2.802209944751381272e+02 5.100000000000000000e+01 0.000000000000000000e+00 3.400000000000000000e+01
2.802762430939226306e+02 5.200000000000000000e+01 0.000000000000000000e+00 3.500000000000000000e+01
2.803314917127071908e+02 5.300000000000000000e+01 0.000000000000000000e+00 3.600000000000000000e+01
2.803867403314916942e+02 5.500000000000000000e+01 0.000000000000000000e+00 3.800000000000000000e+01
2.804419889502762544e+02 5.700000000000000000e+01 0.000000000000000000e+00 4.100000000000000000e+01
2.804972375690607578e+02 6.000000000000000000e+01 0.000000000000000000e+00 4.300000000000000000e+01
2.805524861878453180e+02 6.200000000000000000e+01 0.000000000000000000e+00 4.500000000000000000e+01
2.806077348066298214e+02 6.400000000000000000e+01 1.000000000000000000e+00 4.800000000000000000e+01
2.806629834254143816e+02 6.600000000000000000e+01 1.000000000000000000e+00 5.000000000000000000e+01
2.807182320441988850e+02 6.800000000000000000e+01 1.000000000000000000e+00 5.200000000000000000e+01
2.807734806629834452e+02 7.000000000000000000e+01 1.000000000000000000e+00 5.400000000000000000e+01
2.808287292817679486e+02 7.200000000000000000e+01 1.000000000000000000e+00 5.700000000000000000e+01
2.808839779005525088e+02 7.200000000000000000e+01 1.000000000000000000e+00 5.700000000000000000e+01
2.809392265193370122e+02 7.300000000000000000e+01 1.000000000000000000e+00 5.800000000000000000e+01
2.809944751381215724e+02 7.500000000000000000e+01 2.000000000000000000e+00 6.100000000000000000e+01
2.810497237569060758e+02 7.700000000000000000e+01 2.000000000000000000e+00 6.300000000000000000e+01
2.811049723756906360e+02 7.800000000000000000e+01 2.000000000000000000e+00 6.600000000000000000e+01
2.811602209944751394e+02 8.000000000000000000e+01 2.000000000000000000e+00 6.800000000000000000e+01
2.812154696132596428e+02 8.300000000000000000e+01 2.000000000000000000e+00 7.100000000000000000e+01
2.812707182320442030e+02 8.500000000000000000e+01 2.000000000000000000e+00 7.400000000000000000e+01
2.813259668508287064e+02 8.700000000000000000e+01 2.000000000000000000e+00 7.600000000000000000e+01
2.813812154696132666e+02 8.900000000000000000e+01 2.000000000000000000e+00 7.900000000000000000e+01
2.814364640883977700e+02 9.100000000000000000e+01 3.000000000000000000e+00 8.100000000000000000e+01
2.814917127071823302e+02 9.400000000000000000e+01 3.000000000000000000e+00 8.400000000000000000e+01
2.815469613259668336e+02 9.600000000000000000e+01 3.000000000000000000e+00 8.600000000000000000e+01
2.816022099447513938e+02 9.800000000000000000e+01 3.000000000000000000e+00 8.900000000000000000e+01
2.816574585635358972e+02 1.000000000000000000e+02 3.000000000000000000e+00 9.200000000000000000e+01
2.817127071823204574e+02 1.020000000000000000e+02 3.000000000000000000e+00 9.400000000000000000e+01
2.817679558011049608e+02 1.050000000000000000e+02 4.000000000000000000e+00 9.700000000000000000e+01
2.818232044198895210e+02 1.070000000000000000e+02 4.000000000000000000e+00 1.000000000000000000e+02
2.818784530386740244e+02 1.080000000000000000e+02 4.000000000000000000e+00 1.020000000000000000e+02
2.819337016574585846e+02 1.080000000000000000e+02 4.000000000000000000e+00 1.020000000000000000e+02
2.819889502762430880e+02 1.100000000000000000e+02 4.000000000000000000e+00 1.040000000000000000e+02
2.820441988950276482e+02 1.120000000000000000e+02 5.000000000000000000e+00 1.070000000000000000e+02
2.820994475138121516e+02 1.140000000000000000e+02 5.000000000000000000e+00 1.090000000000000000e+02
2.821546961325967118e+02 1.160000000000000000e+02 5.000000000000000000e+00 1.110000000000000000e+02
2.822099447513812152e+02 1.180000000000000000e+02 6.000000000000000000e+00 1.130000000000000000e+02
2.822651933701657185e+02 1.190000000000000000e+02 6.000000000000000000e+00 1.140000000000000000e+02
2.823204419889502788e+02 1.200000000000000000e+02 6.000000000000000000e+00 1.160000000000000000e+02
2.823756906077347821e+02 1.210000000000000000e+02 6.000000000000000000e+00 1.170000000000000000e+02
2.824309392265193424e+02 1.210000000000000000e+02 6.000000000000000000e+00 1.180000000000000000e+02
2.824861878453038457e+02 1.210000000000000000e+02 6.000000000000000000e+00 1.190000000000000000e+02
2.825414364640884060e+02 1.200000000000000000e+02 6.000000000000000000e+00 1.190000000000000000e+02
2.825966850828729093e+02 1.200000000000000000e+02 6.000000000000000000e+00 1.190000000000000000e+02
2.826519337016574696e+02 1.190000000000000000e+02 7.000000000000000000e+00 1.180000000000000000e+02
2.827071823204419729e+02 1.170000000000000000e+02 7.000000000000000000e+00 1.170000000000000000e+02
2.827624309392265332e+02 1.150000000000000000e+02 7.000000000000000000e+00 1.160000000000000000e+02
2.828176795580110365e+02 1.130000000000000000e+02 7.000000000000000000e+00 1.150000000000000000e+02
2.828729281767955968e+02 1.110000000000000000e+02 7.000000000000000000e+00 1.140000000000000000e+02
2.829281767955801001e+02 1.110000000000000000e+02 7.000000000000000000e+00 1.140000000000000000e+02
2.829834254143646604e+02 1.100000000000000000e+02 7.000000000000000000e+00 1.130000000000000000e+02
2.830386740331491637e+02 1.070000000000000000e+02 7.000000000000000000e+00 1.120000000000000000e+02
2.830939226519337240e+02 1.050000000000000000e+02 8.000000000000000000e+00 1.110000000000000000e+02
2.831491712707182273e+02 1.020000000000000000e+02 8.000000000000000000e+00 1.090000000000000000e+02
2.832044198895027876e+02 9.900000000000000000e+01 8.000000000000000000e+00 1.080000000000000000e+02
2.832596685082872909e+02 9.600000000000000000e+01 8.000000000000000000e+00 1.060000000000000000e+02
2.833149171270718512e+02 9.300000000000000000e+01 8.000000000000000000e+00 1.040000000000000000e+02
2.833701657458563545e+02 9.100000000000000000e+01 8.000000000000000000e+00 1.030000000000000000e+02
2.834254143646408579e+02 8.800000000000000000e+01 9.000000000000000000e+00 1.020000000000000000e+02
2.834806629834254181e+02 8.600000000000000000e+01 9.000000000000000000e+00 1.010000000000000000e+02
2.835359116022099215e+02 8.200000000000000000e+01 9.000000000000000000e+00 9.900000000000000000e+01
2.835911602209944817e+02 7.900000000000000000e+01 9.000000000000000000e+00 9.800000000000000000e+01
2.836464088397789851e+02 7.700000000000000000e+01 9.000000000000000000e+00 9.700000000000000000e+01
2.837016574585635453e+02 7.400000000000000000e+01 9.000000000000000000e+00 9.500000000000000000e+01
2.837569060773480487e+02 7.200000000000000000e+01 1.000000000000000000e+01 9.300000000000000000e+01
2.838121546961326089e+02 6.900000000000000000e+01 1.000000000000000000e+01 9.200000000000000000e+01
2.838674033149171123e+02 6.900000000000000000e+01 1.000000000000000000e+01 9.200000000000000000e+01
2.839226519337016725e+02 6.800000000000000000e+01 1.000000000000000000e+01 9.100000000000000000e+01
2.839779005524861759e+02 6.500000000000000000e+01 1.000000000000000000e+01 9.000000000000000000e+01
2.840331491712707361e+02 6.300000000000000000e+01 1.000000000000000000e+01 8.900000000000000000e+01
2.840883977900552395e+02 6.000000000000000000e+01 1.000000000000000000e+01 8.700000000000000000e+01
2.841436464088397997e+02 5.800000000000000000e+01 1.000000000000000000e+01 8.600000000000000000e+01
2.841988950276243031e+02 5.500000000000000000e+01 1.000000000000000000e+01 8.500000000000000000e+01
2.842541436464088633e+02 5.300000000000000000e+01 1.100000000000000000e+01 8.400000000000000000e+01
2.843093922651933667e+02 4.900000000000000000e+01 1.100000000000000000e+01 8.200000000000000000e+01
2.843646408839779269e+02 4.600000000000000000e+01 1.100000000000000000e+01 8.000000000000000000e+01
2.844198895027624303e+02 4.400000000000000000e+01 1.100000000000000000e+01 7.900000000000000000e+01
2.844751381215469337e+02 4.100000000000000000e+01 1.100000000000000000e+01 7.700000000000000000e+01
2.845303867403314939e+02 3.900000000000000000e+01 1.100000000000000000e+01 7.600000000000000000e+01
2.845856353591159973e+02 3.700000000000000000e+01 1.100000000000000000e+01 7.600000000000000000e+01
2.846408839779005575e+02 3.500000000000000000e+01 1.200000000000000000e+01 7.500000000000000000e+01
2.846961325966850609e+02 3.300000000000000000e+01 1.300000000000000000e+01 7.500000000000000000e+01
2.847513812154696211e+02 3.200000000000000000e+01 1.300000000000000000e+01 7.500000000000000000e+01
2.848066298342541245e+02 3.100000000000000000e+01 1.400000000000000000e+01 7.500000000000000000e+01
2.848618784530386847e+02 3.000000000000000000e+01 1.600000000000000000e+01 7.700000000000000000e+01
2.849171270718231881e+02 3.000000000000000000e+01 1.600000000000000000e+01 7.700000000000000000e+01
2.849723756906077483e+02 3.000000000000000000e+01 1.600000000000000000e+01 7.700000000000000000e+01
2.850276243093922517e+02 3.000000000000000000e+01 1.800000000000000000e+01 7.800000000000000000e+01
2.850828729281768119e+02 3.000000000000000000e+01 1.900000000000000000e+01 8.000000000000000000e+01
2.851381215469613153e+02 3.000000000000000000e+01 2.000000000000000000e+01 8.100000000000000000e+01
2.851933701657458755e+02 3.000000000000000000e+01 2.100000000000000000e+01 8.300000000000000000e+01
2.852486187845303789e+02 3.000000000000000000e+01 2.300000000000000000e+01 8.500000000000000000e+01
2.853038674033149391e+02 3.000000000000000000e+01 2.400000000000000000e+01 8.700000000000000000e+01
2.853591160220994425e+02 3.000000000000000000e+01 2.500000000000000000e+01 8.900000000000000000e+01
2.854143646408840027e+02 3.000000000000000000e+01 2.700000000000000000e+01 9.100000000000000000e+01
2.854696132596685061e+02 3.000000000000000000e+01 2.800000000000000000e+01 9.300000000000000000e+01
2.855248618784530663e+02 3.000000000000000000e+01 2.900000000000000000e+01 9.500000000000000000e+01
2.855801104972375697e+02 3.000000000000000000e+01 3.100000000000000000e+01 9.700000000000000000e+01
2.856353591160220731e+02 3.000000000000000000e+01 3.300000000000000000e+01 9.900000000000000000e+01
2.856906077348066333e+02 3.000000000000000000e+01 3.400000000000000000e+01 1.010000000000000000e+02
2.857458563535911367e+02 3.100000000000000000e+01 3.500000000000000000e+01 1.030000000000000000e+02
2.858011049723756969e+02 3.100000000000000000e+01 3.700000000000000000e+01 1.050000000000000000e+02
2.858563535911602003e+02 3.100000000000000000e+01 3.800000000000000000e+01 1.070000000000000000e+02
2.859116022099447605e+02 3.100000000000000000e+01 3.900000000000000000e+01 1.080000000000000000e+02
2.859668508287292639e+02 3.100000000000000000e+01 3.900000000000000000e+01 1.080000000000000000e+02
2.860220994475138241e+02 3.100000000000000000e+01 4.000000000000000000e+01 1.100000000000000000e+02
2.860773480662983275e+02 3.100000000000000000e+01 4.200000000000000000e+01 1.120000000000000000e+02
2.861325966850828877e+02 3.100000000000000000e+01 4.300000000000000000e+01 1.140000000000000000e+02
2.861878453038673911e+02 3.100000000000000000e+01 4.500000000000000000e+01 1.160000000000000000e+02
2.862430939226519513e+02 3.100000000000000000e+01 4.600000000000000000e+01 1.180000000000000000e+02
2.862983425414364547e+02 3.100000000000000000e+01 4.700000000000000000e+01 1.200000000000000000e+02
2.863535911602210149e+02 3.100000000000000000e+01 4.900000000000000000e+01 1.220000000000000000e+02
2.864088397790055183e+02 3.100000000000000000e+01 5.000000000000000000e+01 1.240000000000000000e+02
2.864640883977900785e+02 3.100000000000000000e+01 5.200000000000000000e+01 1.260000000000000000e+02
2.865193370165745819e+02 3.100000000000000000e+01 5.300000000000000000e+01 1.280000000000000000e+02
2.865745856353591421e+02 3.100000000000000000e+01 5.500000000000000000e+01 1.300000000000000000e+02
2.866298342541436455e+02 3.100000000000000000e+01 5.600000000000000000e+01 1.320000000000000000e+02
2.866850828729281488e+02 3.200000000000000000e+01 5.700000000000000000e+01 1.330000000000000000e+02
2.867403314917127091e+02 3.200000000000000000e+01 5.900000000000000000e+01 1.360000000000000000e+02
2.867955801104972124e+02 3.200000000000000000e+01 6.000000000000000000e+01 1.370000000000000000e+02
2.868508287292817727e+02 3.200000000000000000e+01 6.100000000000000000e+01 1.390000000000000000e+02
2.869060773480662760e+02 3.200000000000000000e+01 6.300000000000000000e+01 1.410000000000000000e+02
2.869613259668508363e+02 3.200000000000000000e+01 6.400000000000000000e+01 1.420000000000000000e+02
2.870165745856353396e+02 3.200000000000000000e+01 6.400000000000000000e+01 1.420000000000000000e+02
2.870718232044198999e+02 3.200000000000000000e+01 6.500000000000000000e+01 1.440000000000000000e+02
2.871270718232044032e+02 3.200000000000000000e+01 6.700000000000000000e+01 1.460000000000000000e+02
2.871823204419889635e+02 3.200000000000000000e+01 6.800000000000000000e+01 1.480000000000000000e+02
2.872375690607734668e+02 3.200000000000000000e+01 6.900000000000000000e+01 1.500000000000000000e+02
2.872928176795580271e+02 3.200000000000000000e+01 7.100000000000000000e+01 1.520000000000000000e+02
2.873480662983425304e+02 3.300000000000000000e+01 7.300000000000000000e+01 1.550000000000000000e+02
2.874033149171270907e+02 3.300000000000000000e+01 7.400000000000000000e+01 1.570000000000000000e+02
2.874585635359115940e+02 3.300000000000000000e+01 7.600000000000000000e+01 1.590000000000000000e+02
2.875138121546961543e+02 3.300000000000000000e+01 7.800000000000000000e+01 1.610000000000000000e+02
2.875690607734806576e+02 3.300000000000000000e+01 7.900000000000000000e+01 1.620000000000000000e+02
2.876243093922652179e+02 3.300000000000000000e+01 8.100000000000000000e+01 1.640000000000000000e+02
2.876795580110497212e+02 3.300000000000000000e+01 8.300000000000000000e+01 1.660000000000000000e+02
2.877348066298342815e+02 3.400000000000000000e+01 8.500000000000000000e+01 1.680000000000000000e+02
2.877900552486187848e+02 3.400000000000000000e+01 8.700000000000000000e+01 1.700000000000000000e+02
2.878453038674032882e+02 3.400000000000000000e+01 8.900000000000000000e+01 1.720000000000000000e+02
2.879005524861878484e+02 3.500000000000000000e+01 9.000000000000000000e+01 1.730000000000000000e+02
2.879558011049723518e+02 3.500000000000000000e+01 9.000000000000000000e+01 1.730000000000000000e+02
2.880110497237569120e+02 3.500000000000000000e+01 9.200000000000000000e+01 1.750000000000000000e+02
2.880662983425414154e+02 3.500000000000000000e+01 9.400000000000000000e+01 1.770000000000000000e+02
2.881215469613259756e+02 3.600000000000000000e+01 9.600000000000000000e+01 1.790000000000000000e+02
2.881767955801104790e+02 3.600000000000000000e+01 9.900000000000000000e+01 1.810000000000000000e+02
2.882320441988950392e+02 3.600000000000000000e+01 1.010000000000000000e+02 1.830000000000000000e+02
2.882872928176795426e+02 3.700000000000000000e+01 1.030000000000000000e+02 1.850000000000000000e+02
2.883425414364641028e+02 3.700000000000000000e+01 1.040000000000000000e+02 1.860000000000000000e+02
2.883977900552486062e+02 3.700000000000000000e+01 1.070000000000000000e+02 1.870000000000000000e+02
2.884530386740331664e+02 3.700000000000000000e+01 1.090000000000000000e+02 1.890000000000000000e+02
2.885082872928176698e+02 3.800000000000000000e+01 1.110000000000000000e+02 1.920000000000000000e+02
2.885635359116022300e+02 3.800000000000000000e+01 1.140000000000000000e+02 1.940000000000000000e+02
2.886187845303867334e+02 3.800000000000000000e+01 1.160000000000000000e+02 1.960000000000000000e+02
2.886740331491712936e+02 3.900000000000000000e+01 1.180000000000000000e+02 1.980000000000000000e+02
2.887292817679557970e+02 4.000000000000000000e+01 1.200000000000000000e+02 2.000000000000000000e+02
2.887845303867403572e+02 4.000000000000000000e+01 1.220000000000000000e+02 2.020000000000000000e+02
2.888397790055248606e+02 4.000000000000000000e+01 1.240000000000000000e+02 2.040000000000000000e+02
2.888950276243093640e+02 4.100000000000000000e+01 1.270000000000000000e+02 2.060000000000000000e+02
2.889502762430939242e+02 4.100000000000000000e+01 1.270000000000000000e+02 2.060000000000000000e+02
2.890055248618784276e+02 4.100000000000000000e+01 1.280000000000000000e+02 2.070000000000000000e+02
2.890607734806629878e+02 4.100000000000000000e+01 1.300000000000000000e+02 2.090000000000000000e+02
2.891160220994474912e+02 4.100000000000000000e+01 1.320000000000000000e+02 2.110000000000000000e+02
2.891712707182320514e+02 4.200000000000000000e+01 1.330000000000000000e+02 2.120000000000000000e+02
2.892265193370165548e+02 4.200000000000000000e+01 1.350000000000000000e+02 2.140000000000000000e+02
2.892817679558011150e+02 4.200000000000000000e+01 1.370000000000000000e+02 2.160000000000000000e+02
2.893370165745856184e+02 4.200000000000000000e+01 1.390000000000000000e+02 2.180000000000000000e+02
2.893922651933701786e+02 4.200000000000000000e+01 1.410000000000000000e+02 2.200000000000000000e+02
2.894475138121546820e+02 4.300000000000000000e+01 1.440000000000000000e+02 2.220000000000000000e+02
2.895027624309392422e+02 4.300000000000000000e+01 1.460000000000000000e+02 2.240000000000000000e+02
2.895580110497237456e+02 4.300000000000000000e+01 1.480000000000000000e+02 2.260000000000000000e+02
2.896132596685083058e+02 4.400000000000000000e+01 1.500000000000000000e+02 2.280000000000000000e+02
2.896685082872928092e+02 4.400000000000000000e+01 1.520000000000000000e+02 2.300000000000000000e+02
2.897237569060773694e+02 4.400000000000000000e+01 1.550000000000000000e+02 2.320000000000000000e+02
2.897790055248618728e+02 4.500000000000000000e+01 1.570000000000000000e+02 2.340000000000000000e+02
2.898342541436464330e+02 4.600000000000000000e+01 1.590000000000000000e+02 2.360000000000000000e+02
2.898895027624309364e+02 4.600000000000000000e+01 1.610000000000000000e+02 2.380000000000000000e+02
2.899447513812154966e+02 4.600000000000000000e+01 1.630000000000000000e+02 2.390000000000000000e+02
2.900000000000000000e+02 4.600000000000000000e+01 1.630000000000000000e+02 2.390000000000000000e+02
2.900552486187845034e+02 4.600000000000000000e+01 1.640000000000000000e+02 2.400000000000000000e+02
2.901104972375690636e+02 4.700000000000000000e+01 1.670000000000000000e+02 2.420000000000000000e+02
2.901657458563535670e+02 4.700000000000000000e+01 1.690000000000000000e+02 2.440000000000000000e+02
2.902209944751381272e+02 4.800000000000000000e+01 1.710000000000000000e+02 2.440000000000000000e+02
2.902762430939226306e+02 4.700000000000000000e+01 1.720000000000000000e+02 2.430000000000000000e+02
2.903314917127071908e+02 4.700000000000000000e+01 1.720000000000000000e+02 2.400000000000000000e+02
2.903867403314916942e+02 4.600000000000000000e+01 1.730000000000000000e+02 2.360000000000000000e+02
2.904419889502762544e+02 4.500000000000000000e+01 1.740000000000000000e+02 2.300000000000000000e+02
2.904972375690607578e+02 4.500000000000000000e+01 1.740000000000000000e+02 2.240000000000000000e+02
2.905524861878453180e+02 4.400000000000000000e+01 1.730000000000000000e+02 2.150000000000000000e+02
2.906077348066298214e+02 4.200000000000000000e+01 1.720000000000000000e+02 2.060000000000000000e+02
2.906629834254143816e+02 4.100000000000000000e+01 1.710000000000000000e+02 1.960000000000000000e+02
2.907182320441988850e+02 4.000000000000000000e+01 1.700000000000000000e+02 1.840000000000000000e+02
2.907734806629834452e+02 3.900000000000000000e+01 1.680000000000000000e+02 1.710000000000000000e+02
2.908287292817679486e+02 3.700000000000000000e+01 1.660000000000000000e+02 1.590000000000000000e+02
2.908839779005525088e+02 3.600000000000000000e+01 1.650000000000000000e+02 1.470000000000000000e+02
2.909392265193370122e+02 3.500000000000000000e+01 1.640000000000000000e+02 1.340000000000000000e+02
2.909944751381215724e+02 3.500000000000000000e+01 1.640000000000000000e+02 1.330000000000000000e+02
2.910497237569060758e+02 3.400000000000000000e+01 1.630000000000000000e+02 1.290000000000000000e+02
2.911049723756906360e+02 3.200000000000000000e+01 1.630000000000000000e+02 1.150000000000000000e+02
2.911602209944751394e+02 3.100000000000000000e+01 1.630000000000000000e+02 1.030000000000000000e+02
2.912154696132596428e+02 2.900000000000000000e+01 1.630000000000000000e+02 9.000000000000000000e+01
2.912707182320442030e+02 2.700000000000000000e+01 1.640000000000000000e+02 7.700000000000000000e+01
2.913259668508287064e+02 2.600000000000000000e+01 1.650000000000000000e+02 6.300000000000000000e+01
2.913812154696132666e+02 2.500000000000000000e+01 1.670000000000000000e+02 5.200000000000000000e+01
2.914364640883977700e+02 2.500000000000000000e+01 1.690000000000000000e+02 4.200000000000000000e+01
2.914917127071823302e+02 2.600000000000000000e+01 1.710000000000000000e+02 3.100000000000000000e+01
2.915469613259668336e+02 2.800000000000000000e+01 1.750000000000000000e+02 2.300000000000000000e+01
2.916022099447513938e+02 3.000000000000000000e+01 1.770000000000000000e+02 1.600000000000000000e+01
2.916574585635358972e+02 3.300000000000000000e+01 1.800000000000000000e+02 1.000000000000000000e+01
2.917127071823204574e+02 3.700000000000000000e+01 1.820000000000000000e+02 6.000000000000000000e+00
2.917679558011049608e+02 4.100000000000000000e+01 1.850000000000000000e+02 3.000000000000000000e+00
2.918232044198895210e+02 4.600000000000000000e+01 1.870000000000000000e+02 0.000000000000000000e+00
2.918784530386740244e+02 5.300000000000000000e+01 1.890000000000000000e+02 0.000000000000000000e+00
2.919337016574585846e+02 5.500000000000000000e+01 1.900000000000000000e+02 0.000000000000000000e+00
2.919889502762430880e+02 5.600000000000000000e+01 1.900000000000000000e+02 0.000000000000000000e+00
2.920441988950276482e+02 6.300000000000000000e+01 1.930000000000000000e+02 0.000000000000000000e+00
2.920994475138121516e+02 7.000000000000000000e+01 1.950000000000000000e+02 0.000000000000000000e+00
2.921546961325967118e+02 7.600000000000000000e+01 1.970000000000000000e+02 0.000000000000000000e+00
2.922099447513812152e+02 8.400000000000000000e+01 2.000000000000000000e+02 0.000000000000000000e+00
2.922651933701657185e+02 9.100000000000000000e+01 2.020000000000000000e+02 0.000000000000000000e+00
2.923204419889502788e+02 9.800000000000000000e+01 2.040000000000000000e+02 0.000000000000000000e+00
2.923756906077347821e+02 1.040000000000000000e+02 2.050000000000000000e+02 0.000000000000000000e+00
2.924309392265193424e+02 1.120000000000000000e+02 2.080000000000000000e+02 0.000000000000000000e+00
2.924861878453038457e+02 1.190000000000000000e+02 2.100000000000000000e+02 0.000000000000000000e+00
2.925414364640884060e+02 1.260000000000000000e+02 2.130000000000000000e+02 0.000000000000000000e+00
2.925966850828729093e+02 1.330000000000000000e+02 2.150000000000000000e+02 0.000000000000000000e+00
2.926519337016574696e+02 1.400000000000000000e+02 2.170000000000000000e+02 0.000000000000000000e+00
2.927071823204419729e+02 1.470000000000000000e+02 2.200000000000000000e+02 0.000000000000000000e+00
2.927624309392265332e+02 1.550000000000000000e+02 2.220000000000000000e+02 0.000000000000000000e+00
2.928176795580110365e+02 1.620000000000000000e+02 2.240000000000000000e+02 0.000000000000000000e+00
2.928729281767955968e+02 1.690000000000000000e+02 2.260000000000000000e+02 0.000000000000000000e+00
2.929281767955801001e+02 1.760000000000000000e+02 2.290000000000000000e+02 0.000000000000000000e+00
2.929834254143646604e+02 1.760000000000000000e+02 2.290000000000000000e+02 0.000000000000000000e+00
2.930386740331491637e+02 1.800000000000000000e+02 2.300000000000000000e+02 0.000000000000000000e+00
2.930939226519337240e+02 1.870000000000000000e+02 2.320000000000000000e+02 0.000000000000000000e+00
2.931491712707182273e+02 1.930000000000000000e+02 2.340000000000000000e+02 0.000000000000000000e+00
2.932044198895027876e+02 2.000000000000000000e+02 2.360000000000000000e+02 0.000000000000000000e+00
2.932596685082872909e+02 2.070000000000000000e+02 2.380000000000000000e+02 0.000000000000000000e+00
2.933149171270717943e+02 2.140000000000000000e+02 2.410000000000000000e+02 0.000000000000000000e+00
2.933701657458563545e+02 2.210000000000000000e+02 2.430000000000000000e+02 0.000000000000000000e+00
2.934254143646408579e+02 2.270000000000000000e+02 2.450000000000000000e+02 0.000000000000000000e+00
2.934806629834254181e+02 2.330000000000000000e+02 2.460000000000000000e+02 0.000000000000000000e+00
2.935359116022099215e+02 2.380000000000000000e+02 2.470000000000000000e+02 0.000000000000000000e+00
2.935911602209944817e+02 2.410000000000000000e+02 2.470000000000000000e+02 0.000000000000000000e+00
2.936464088397789851e+02 2.450000000000000000e+02 2.460000000000000000e+02 0.000000000000000000e+00
2.937016574585635453e+02 2.480000000000000000e+02 2.440000000000000000e+02 0.000000000000000000e+00
2.937569060773480487e+02 2.510000000000000000e+02 2.430000000000000000e+02 0.000000000000000000e+00
2.938121546961326089e+02 2.520000000000000000e+02 2.410000000000000000e+02 0.000000000000000000e+00
2.938674033149171123e+02 2.540000000000000000e+02 2.380000000000000000e+02 0.000000000000000000e+00
2.939226519337016725e+02 2.540000000000000000e+02 2.350000000000000000e+02 0.000000000000000000e+00
2.939779005524861759e+02 2.550000000000000000e+02 2.340000000000000000e+02 0.000000000000000000e+00
2.940331491712707361e+02 2.550000000000000000e+02 2.340000000000000000e+02 0.000000000000000000e+00
2.940883977900552395e+02 2.550000000000000000e+02 2.300000000000000000e+02 0.000000000000000000e+00
2.941436464088397997e+02 2.550000000000000000e+02 2.260000000000000000e+02 0.000000000000000000e+00
2.941988950276243031e+02 2.550000000000000000e+02 2.230000000000000000e+02 0.000000000000000000e+00
2.942541436464088633e+02 2.550000000000000000e+02 2.190000000000000000e+02 0.000000000000000000e+00
2.943093922651933667e+02 2.550000000000000000e+02 2.160000000000000000e+02 0.000000000000000000e+00
2.943646408839779269e+02 2.550000000000000000e+02 2.120000000000000000e+02 0.000000000000000000e+00
2.944198895027624303e+02 2.550000000000000000e+02 2.090000000000000000e+02 0.000000000000000000e+00
2.944751381215469337e+02 2.550000000000000000e+02 2.050000000000000000e+02 0.000000000000000000e+00
2.945303867403314939e+02 2.550000000000000000e+02 2.020000000000000000e+02 0.000000000000000000e+00
2.945856353591159973e+02 2.550000000000000000e+02 1.980000000000000000e+02 0.000000000000000000e+00
2.946408839779005575e+02 2.550000000000000000e+02 1.950000000000000000e+02 0.000000000000000000e+00
2.946961325966850609e+02 2.550000000000000000e+02 1.920000000000000000e+02 0.000000000000000000e+00
2.947513812154696211e+02 2.550000000000000000e+02 1.890000000000000000e+02 0.000000000000000000e+00
2.948066298342541245e+02 2.550000000000000000e+02 1.850000000000000000e+02 0.000000000000000000e+00
2.948618784530386847e+02 2.550000000000000000e+02 1.810000000000000000e+02 0.000000000000000000e+00
2.949171270718231881e+02 2.550000000000000000e+02 1.780000000000000000e+02 0.000000000000000000e+00
2.949723756906077483e+02 2.550000000000000000e+02 1.750000000000000000e+02 0.000000000000000000e+00
2.950276243093922517e+02 2.550000000000000000e+02 1.750000000000000000e+02 0.000000000000000000e+00
2.950828729281768119e+02 2.550000000000000000e+02 1.740000000000000000e+02 0.000000000000000000e+00
2.951381215469613153e+02 2.550000000000000000e+02 1.700000000000000000e+02 0.000000000000000000e+00
2.951933701657458755e+02 2.550000000000000000e+02 1.670000000000000000e+02 0.000000000000000000e+00
2.952486187845303789e+02 2.550000000000000000e+02 1.630000000000000000e+02 0.000000000000000000e+00
2.953038674033149391e+02 2.550000000000000000e+02 1.600000000000000000e+02 0.000000000000000000e+00
2.953591160220994425e+02 2.550000000000000000e+02 1.560000000000000000e+02 0.000000000000000000e+00
2.954143646408840027e+02 2.550000000000000000e+02 1.520000000000000000e+02 0.000000000000000000e+00
2.954696132596685061e+02 2.550000000000000000e+02 1.490000000000000000e+02 0.000000000000000000e+00
2.955248618784530663e+02 2.550000000000000000e+02 1.450000000000000000e+02 0.000000000000000000e+00
2.955801104972375697e+02 2.550000000000000000e+02 1.420000000000000000e+02 0.000000000000000000e+00
2.956353591160220731e+02 2.550000000000000000e+02 1.380000000000000000e+02 0.000000000000000000e+00
2.956906077348066333e+02 2.550000000000000000e+02 1.350000000000000000e+02 0.000000000000000000e+00
2.957458563535911367e+02 2.550000000000000000e+02 1.310000000000000000e+02 0.000000000000000000e+00
2.958011049723756969e+02 2.540000000000000000e+02 1.280000000000000000e+02 0.000000000000000000e+00
2.958563535911602003e+02 2.530000000000000000e+02 1.250000000000000000e+02 0.000000000000000000e+00
2.959116022099447605e+02 2.530000000000000000e+02 1.220000000000000000e+02 0.000000000000000000e+00
2.959668508287292639e+02 2.530000000000000000e+02 1.220000000000000000e+02 0.000000000000000000e+00
2.960220994475138241e+02 2.520000000000000000e+02 1.210000000000000000e+02 0.000000000000000000e+00
2.960773480662983275e+02 2.520000000000000000e+02 1.170000000000000000e+02 0.000000000000000000e+00
2.961325966850828877e+02 2.510000000000000000e+02 1.150000000000000000e+02 0.000000000000000000e+00
2.961878453038673911e+02 2.500000000000000000e+02 1.120000000000000000e+02 0.000000000000000000e+00
2.962430939226519513e+02 2.500000000000000000e+02 1.100000000000000000e+02 0.000000000000000000e+00
2.962983425414364547e+02 2.490000000000000000e+02 1.070000000000000000e+02 0.000000000000000000e+00
2.963535911602210149e+02 2.480000000000000000e+02 1.060000000000000000e+02 0.000000000000000000e+00
2.964088397790055183e+02 2.460000000000000000e+02 1.030000000000000000e+02 0.000000000000000000e+00
2.964640883977900785e+02 2.450000000000000000e+02 1.000000000000000000e+02 0.000000000000000000e+00
2.965193370165745819e+02 2.440000000000000000e+02 9.800000000000000000e+01 0.000000000000000000e+00
2.965745856353591421e+02 2.420000000000000000e+02 9.600000000000000000e+01 0.000000000000000000e+00
2.966298342541436455e+02 2.410000000000000000e+02 9.400000000000000000e+01 0.000000000000000000e+00
2.966850828729282057e+02 2.400000000000000000e+02 9.100000000000000000e+01 0.000000000000000000e+00
2.967403314917127091e+02 2.390000000000000000e+02 8.900000000000000000e+01 0.000000000000000000e+00
2.967955801104972124e+02 2.370000000000000000e+02 8.600000000000000000e+01 0.000000000000000000e+00
2.968508287292817727e+02 2.360000000000000000e+02 8.300000000000000000e+01 0.000000000000000000e+00
2.969060773480662760e+02 2.350000000000000000e+02 8.100000000000000000e+01 0.000000000000000000e+00
2.969613259668508363e+02 2.340000000000000000e+02 8.000000000000000000e+01 0.000000000000000000e+00
2.970165745856353396e+02 2.340000000000000000e+02 8.000000000000000000e+01 0.000000000000000000e+00
2.970718232044198999e+02 2.330000000000000000e+02 7.800000000000000000e+01 0.000000000000000000e+00
2.971270718232044032e+02 2.320000000000000000e+02 7.600000000000000000e+01 0.000000000000000000e+00
2.971823204419889635e+02 2.300000000000000000e+02 7.300000000000000000e+01 0.000000000000000000e+00
2.972375690607734668e+02 2.290000000000000000e+02 7.100000000000000000e+01 0.000000000000000000e+00
2.972928176795580271e+02 2.280000000000000000e+02 6.900000000000000000e+01 0.000000000000000000e+00
2.973480662983425304e+02 2.260000000000000000e+02 6.700000000000000000e+01 0.000000000000000000e+00
2.974033149171270907e+02 2.250000000000000000e+02 6.500000000000000000e+01 0.000000000000000000e+00
2.974585635359115940e+02 2.240000000000000000e+02 6.200000000000000000e+01 0.000000000000000000e+00
2.975138121546961543e+02 2.230000000000000000e+02 6.000000000000000000e+01 0.000000000000000000e+00
2.975690607734806576e+02 2.210000000000000000e+02 5.800000000000000000e+01 0.000000000000000000e+00
2.976243093922652179e+02 2.200000000000000000e+02 5.500000000000000000e+01 0.000000000000000000e+00
2.976795580110497212e+02 2.190000000000000000e+02 5.300000000000000000e+01 0.000000000000000000e+00
2.977348066298342246e+02 2.170000000000000000e+02 5.000000000000000000e+01 0.000000000000000000e+00
2.977900552486187848e+02 2.160000000000000000e+02 4.800000000000000000e+01 0.000000000000000000e+00
2.978453038674033451e+02 2.140000000000000000e+02 4.600000000000000000e+01 0.000000000000000000e+00
2.979005524861878484e+02 2.120000000000000000e+02 4.400000000000000000e+01 0.000000000000000000e+00
2.979558011049723518e+02 2.100000000000000000e+02 4.200000000000000000e+01 0.000000000000000000e+00
2.980110497237569120e+02 2.100000000000000000e+02 4.200000000000000000e+01 0.000000000000000000e+00
2.980662983425414154e+02 2.100000000000000000e+02 4.200000000000000000e+01 0.000000000000000000e+00
2.981215469613259756e+02 2.070000000000000000e+02 4.000000000000000000e+01 0.000000000000000000e+00
2.981767955801104790e+02 2.050000000000000000e+02 3.800000000000000000e+01 0.000000000000000000e+00
2.982320441988950392e+02 2.020000000000000000e+02 3.700000000000000000e+01 0.000000000000000000e+00
2.982872928176795426e+02 1.990000000000000000e+02 3.500000000000000000e+01 0.000000000000000000e+00
2.983425414364641028e+02 1.960000000000000000e+02 3.300000000000000000e+01 0.000000000000000000e+00
2.983977900552486062e+02 1.920000000000000000e+02 3.200000000000000000e+01 0.000000000000000000e+00
2.984530386740331664e+02 1.890000000000000000e+02 3.100000000000000000e+01 0.000000000000000000e+00
2.985082872928176698e+02 1.860000000000000000e+02 3.000000000000000000e+01 0.000000000000000000e+00
2.985635359116022300e+02 1.820000000000000000e+02 2.900000000000000000e+01 0.000000000000000000e+00
2.986187845303867334e+02 1.780000000000000000e+02 2.800000000000000000e+01 0.000000000000000000e+00
2.986740331491712936e+02 1.750000000000000000e+02 2.600000000000000000e+01 0.000000000000000000e+00
2.987292817679557970e+02 1.720000000000000000e+02 2.500000000000000000e+01 0.000000000000000000e+00
2.987845303867403572e+02 1.690000000000000000e+02 2.400000000000000000e+01 0.000000000000000000e+00
2.988397790055248606e+02 1.660000000000000000e+02 2.300000000000000000e+01 0.000000000000000000e+00
2.988950276243093640e+02 1.620000000000000000e+02 2.100000000000000000e+01 0.000000000000000000e+00
2.989502762430939242e+02 1.590000000000000000e+02 2.000000000000000000e+01 0.000000000000000000e+00
2.990055248618784276e+02 1.560000000000000000e+02 2.000000000000000000e+01 0.000000000000000000e+00
2.990607734806629878e+02 1.560000000000000000e+02 2.000000000000000000e+01 0.000000000000000000e+00
2.991160220994474912e+02 1.550000000000000000e+02 1.900000000000000000e+01 0.000000000000000000e+00
2.991712707182320514e+02 1.510000000000000000e+02 1.800000000000000000e+01 0.000000000000000000e+00
2.992265193370165548e+02 1.480000000000000000e+02 1.700000000000000000e+01 0.000000000000000000e+00
2.992817679558011150e+02 1.440000000000000000e+02 1.500000000000000000e+01 0.000000000000000000e+00
2.993370165745856184e+02 1.410000000000000000e+02 1.400000000000000000e+01 0.000000000000000000e+00
2.993922651933701786e+02 1.370000000000000000e+02 1.300000000000000000e+01 0.000000000000000000e+00
2.994475138121546820e+02 1.340000000000000000e+02 1.100000000000000000e+01 0.000000000000000000e+00
2.995027624309392422e+02 1.310000000000000000e+02 1.000000000000000000e+01 0.000000000000000000e+00
2.995580110497237456e+02 1.270000000000000000e+02 9.000000000000000000e+00 0.000000000000000000e+00
2.996132596685083058e+02 1.240000000000000000e+02 8.000000000000000000e+00 0.000000000000000000e+00
2.996685082872928092e+02 1.210000000000000000e+02 7.000000000000000000e+00 0.000000000000000000e+00
2.997237569060773694e+02 1.180000000000000000e+02 6.000000000000000000e+00 0.000000000000000000e+00
2.997790055248618728e+02 1.150000000000000000e+02 5.000000000000000000e+00 0.000000000000000000e+00
2.998342541436464330e+02 1.120000000000000000e+02 3.000000000000000000e+00 0.000000000000000000e+00
2.998895027624309364e+02 1.090000000000000000e+02 2.000000000000000000e+00 0.000000000000000000e+00
2.999447513812154966e+02 1.070000000000000000e+02 2.000000000000000000e+00 0.000000000000000000e+00
