2.000000000000000000e+02 4.300000000000000000e+01 0.000000000000000000e+00 2.600000000000000000e+01
2.003038674033149107e+02 4.500000000000000000e+01 0.000000000000000000e+00 2.800000000000000000e+01
2.006077348066298214e+02 4.700000000000000000e+01 0.000000000000000000e+00 3.000000000000000000e+01
2.009116022099447605e+02 4.900000000000000000e+01 0.000000000000000000e+00 3.200000000000000000e+01
2.012154696132596712e+02 5.100000000000000000e+01 0.000000000000000000e+00 3.400000000000000000e+01
2.015193370165745819e+02 5.200000000000000000e+01 0.000000000000000000e+00 3.500000000000000000e+01
2.018232044198894926e+02 5.300000000000000000e+01 0.000000000000000000e+00 3.600000000000000000e+01
2.021270718232044317e+02 5.500000000000000000e+01 0.000000000000000000e+00 3.800000000000000000e+01
2.024309392265193424e+02 5.700000000000000000e+01 0.000000000000000000e+00 4.100000000000000000e+01
2.027348066298342530e+02 6.000000000000000000e+01 0.000000000000000000e+00 4.300000000000000000e+01
2.030386740331491637e+02 6.200000000000000000e+01 0.000000000000000000e+00 4.500000000000000000e+01
2.033425414364640744e+02 6.400000000000000000e+01 1.000000000000000000e+00 4.800000000000000000e+01
2.036464088397790135e+02 6.600000000000000000e+01 1.000000000000000000e+00 5.000000000000000000e+01
2.039502762430939242e+02 6.800000000000000000e+01 1.000000000000000000e+00 5.200000000000000000e+01
2.042541436464088349e+02 7.000000000000000000e+01 1.000000000000000000e+00 5.400000000000000000e+01
2.045580110497237456e+02 7.200000000000000000e+01 1.000000000000000000e+00 5.700000000000000000e+01
2.048618784530386847e+02 7.200000000000000000e+01 1.000000000000000000e+00 5.700000000000000000e+01
2.051657458563535954e+02 7.300000000000000000e+01 1.000000000000000000e+00 5.800000000000000000e+01
2.054696132596685061e+02 7.500000000000000000e+01 2.000000000000000000e+00 6.100000000000000000e+01
2.057734806629834168e+02 7.700000000000000000e+01 2.000000000000000000e+00 6.300000000000000000e+01
2.060773480662983559e+02 7.800000000000000000e+01 2.000000000000000000e+00 6.600000000000000000e+01
2.063812154696132666e+02 8.000000000000000000e+01 2.000000000000000000e+00 6.800000000000000000e+01
2.066850828729281773e+02 8.300000000000000000e+01 2.000000000000000000e+00 7.100000000000000000e+01
2.069889502762430880e+02 8.500000000000000000e+01 2.000000000000000000e+00 7.400000000000000000e+01
2.072928176795579986e+02 8.700000000000000000e+01 2.000000000000000000e+00 7.600000000000000000e+01
2.075966850828729378e+02 8.900000000000000000e+01 2.000000000000000000e+00 7.900000000000000000e+01
2.079005524861878484e+02 9.100000000000000000e+01 3.000000000000000000e+00 8.100000000000000000e+01
2.082044198895027591e+02 9.400000000000000000e+01 3.000000000000000000e+00 8.400000000000000000e+01
2.085082872928176698e+02 9.600000000000000000e+01 3.000000000000000000e+00 8.600000000000000000e+01
2.088121546961326089e+02 9.800000000000000000e+01 3.000000000000000000e+00 8.900000000000000000e+01
2.091160220994475196e+02 1.000000000000000000e+02 3.000000000000000000e+00 9.200000000000000000e+01
2.094198895027624303e+02 1.020000000000000000e+02 3.000000000000000000e+00 9.400000000000000000e+01
2.097237569060773410e+02 1.050000000000000000e+02 4.000000000000000000e+00 9.700000000000000000e+01
2.100276243093922517e+02 1.070000000000000000e+02 4.000000000000000000e+00 1.000000000000000000e+02
2.103314917127071908e+02 1.080000000000000000e+02 4.000000000000000000e+00 1.020000000000000000e+02
2.106353591160221015e+02 1.080000000000000000e+02 4.000000000000000000e+00 1.020000000000000000e+02
2.109392265193370122e+02 1.100000000000000000e+02 4.000000000000000000e+00 1.040000000000000000e+02
2.112430939226519229e+02 1.120000000000000000e+02 5.000000000000000000e+00 1.070000000000000000e+02
2.115469613259668620e+02 1.140000000000000000e+02 5.000000000000000000e+00 1.090000000000000000e+02
2.118508287292817727e+02 1.160000000000000000e+02 5.000000000000000000e+00 1.110000000000000000e+02
2.121546961325966834e+02 1.180000000000000000e+02 6.000000000000000000e+00 1.130000000000000000e+02
2.124585635359115940e+02 1.190000000000000000e+02 6.000000000000000000e+00 1.140000000000000000e+02
2.127624309392265332e+02 1.200000000000000000e+02 6.000000000000000000e+00 1.160000000000000000e+02
2.130662983425414438e+02 1.210000000000000000e+02 6.000000000000000000e+00 1.170000000000000000e+02
2.133701657458563545e+02 1.210000000000000000e+02 6.000000000000000000e+00 1.180000000000000000e+02
2.136740331491712652e+02 1.210000000000000000e+02 6.000000000000000000e+00 1.190000000000000000e+02
2.139779005524861759e+02 1.200000000000000000e+02 6.000000000000000000e+00 1.190000000000000000e+02
2.142817679558011150e+02 1.200000000000000000e+02 6.000000000000000000e+00 1.190000000000000000e+02
2.145856353591160257e+02 1.190000000000000000e+02 7.000000000000000000e+00 1.180000000000000000e+02
2.148895027624309364e+02 1.170000000000000000e+02 7.000000000000000000e+00 1.170000000000000000e+02
2.151933701657458471e+02 1.150000000000000000e+02 7.000000000000000000e+00 1.160000000000000000e+02
2.154972375690607862e+02 1.130000000000000000e+02 7.000000000000000000e+00 1.150000000000000000e+02
2.158011049723756969e+02 1.110000000000000000e+02 7.000000000000000000e+00 1.140000000000000000e+02
2.161049723756906076e+02 1.110000000000000000e+02 7.000000000000000000e+00 1.140000000000000000e+02
2.164088397790055183e+02 1.100000000000000000e+02 7.000000000000000000e+00 1.130000000000000000e+02
2.167127071823204574e+02 1.070000000000000000e+02 7.000000000000000000e+00 1.120000000000000000e+02
2.170165745856353681e+02 1.050000000000000000e+02 8.000000000000000000e+00 1.110000000000000000e+02
2.173204419889502788e+02 1.020000000000000000e+02 8.000000000000000000e+00 1.090000000000000000e+02
2.176243093922651894e+02 9.900000000000000000e+01 8.000000000000000000e+00 1.080000000000000000e+02
2.179281767955801001e+02 9.600000000000000000e+01 8.000000000000000000e+00 1.060000000000000000e+02
2.182320441988950392e+02 9.300000000000000000e+01 8.000000000000000000e+00 1.040000000000000000e+02
2.185359116022099499e+02 9.100000000000000000e+01 8.000000000000000000e+00 1.030000000000000000e+02
2.188397790055248606e+02 8.800000000000000000e+01 9.000000000000000000e+00 1.020000000000000000e+02
2.191436464088397713e+02 8.600000000000000000e+01 9.000000000000000000e+00 1.010000000000000000e+02
2.194475138121546820e+02 8.200000000000000000e+01 9.000000000000000000e+00 9.900000000000000000e+01
2.197513812154696211e+02 7.900000000000000000e+01 9.000000000000000000e+00 9.800000000000000000e+01
2.200552486187845318e+02 7.700000000000000000e+01 9.000000000000000000e+00 9.700000000000000000e+01
2.203591160220994425e+02 7.400000000000000000e+01 9.000000000000000000e+00 9.500000000000000000e+01
2.206629834254143532e+02 7.200000000000000000e+01 1.000000000000000000e+01 9.300000000000000000e+01
2.209668508287292923e+02 6.900000000000000000e+01 1.000000000000000000e+01 9.200000000000000000e+01
2.212707182320442030e+02 6.900000000000000000e+01 1.000000000000000000e+01 9.200000000000000000e+01
2.215745856353591137e+02 6.800000000000000000e+01 1.000000000000000000e+01 9.100000000000000000e+01
2.218784530386740244e+02 6.500000000000000000e+01 1.000000000000000000e+01 9.000000000000000000e+01
2.221823204419889635e+02 6.300000000000000000e+01 1.000000000000000000e+01 8.900000000000000000e+01
2.224861878453038742e+02 6.000000000000000000e+01 1.000000000000000000e+01 8.700000000000000000e+01
2.227900552486187848e+02 5.800000000000000000e+01 1.000000000000000000e+01 8.600000000000000000e+01
2.230939226519336955e+02 5.500000000000000000e+01 1.000000000000000000e+01 8.500000000000000000e+01
2.233977900552486062e+02 5.300000000000000000e+01 1.100000000000000000e+01 8.400000000000000000e+01
2.237016574585635453e+02 4.900000000000000000e+01 1.100000000000000000e+01 8.200000000000000000e+01
2.240055248618784560e+02 4.600000000000000000e+01 1.100000000000000000e+01 8.000000000000000000e+01
2.243093922651933667e+02 4.400000000000000000e+01 1.100000000000000000e+01 7.900000000000000000e+01
2.246132596685082774e+02 4.100000000000000000e+01 1.100000000000000000e+01 7.700000000000000000e+01
2.249171270718232165e+02 3.900000000000000000e+01 1.100000000000000000e+01 7.600000000000000000e+01
2.252209944751381272e+02 3.700000000000000000e+01 1.100000000000000000e+01 7.600000000000000000e+01
2.255248618784530379e+02 3.500000000000000000e+01 1.200000000000000000e+01 7.500000000000000000e+01
2.258287292817679486e+02 3.300000000000000000e+01 1.300000000000000000e+01 7.500000000000000000e+01
2.261325966850828877e+02 3.200000000000000000e+01 1.300000000000000000e+01 7.500000000000000000e+01
2.264364640883977984e+02 3.100000000000000000e+01 1.400000000000000000e+01 7.500000000000000000e+01
2.267403314917127091e+02 3.000000000000000000e+01 1.600000000000000000e+01 7.700000000000000000e+01
2.270441988950276198e+02 3.000000000000000000e+01 1.600000000000000000e+01 7.700000000000000000e+01
2.273480662983425304e+02 3.000000000000000000e+01 1.600000000000000000e+01 7.700000000000000000e+01
2.276519337016574696e+02 3.000000000000000000e+01 1.800000000000000000e+01 7.800000000000000000e+01
2.279558011049723802e+02 3.000000000000000000e+01 1.900000000000000000e+01 8.000000000000000000e+01
2.282596685082872909e+02 3.000000000000000000e+01 2.000000000000000000e+01 8.100000000000000000e+01
2.285635359116022016e+02 3.000000000000000000e+01 2.100000000000000000e+01 8.300000000000000000e+01
2.288674033149171123e+02 3.000000000000000000e+01 2.300000000000000000e+01 8.500000000000000000e+01
2.291712707182320514e+02 3.000000000000000000e+01 2.400000000000000000e+01 8.700000000000000000e+01
2.294751381215469621e+02 3.000000000000000000e+01 2.500000000000000000e+01 8.900000000000000000e+01
2.297790055248618728e+02 3.000000000000000000e+01 2.700000000000000000e+01 9.100000000000000000e+01
2.300828729281767835e+02 3.000000000000000000e+01 2.800000000000000000e+01 9.300000000000000000e+01
2.303867403314917226e+02 3.000000000000000000e+01 2.900000000000000000e+01 9.500000000000000000e+01
2.306906077348066333e+02 3.000000000000000000e+01 3.100000000000000000e+01 9.700000000000000000e+01
2.309944751381215440e+02 3.000000000000000000e+01 3.300000000000000000e+01 9.900000000000000000e+01
2.312983425414364547e+02 3.000000000000000000e+01 3.400000000000000000e+01 1.010000000000000000e+02
2.316022099447513938e+02 3.100000000000000000e+01 3.500000000000000000e+01 1.030000000000000000e+02
2.319060773480663045e+02 3.100000000000000000e+01 3.700000000000000000e+01 1.050000000000000000e+02
2.322099447513812152e+02 3.100000000000000000e+01 3.800000000000000000e+01 1.070000000000000000e+02
2.325138121546961258e+02 3.100000000000000000e+01 3.900000000000000000e+01 1.080000000000000000e+02
2.328176795580110365e+02 3.100000000000000000e+01 3.900000000000000000e+01 1.080000000000000000e+02
2.331215469613259756e+02 3.100000000000000000e+01 4.000000000000000000e+01 1.100000000000000000e+02
2.334254143646408863e+02 3.100000000000000000e+01 4.200000000000000000e+01 1.120000000000000000e+02
2.337292817679557970e+02 3.100000000000000000e+01 4.300000000000000000e+01 1.140000000000000000e+02
2.340331491712707077e+02 3.100000000000000000e+01 4.500000000000000000e+01 1.160000000000000000e+02
2.343370165745856184e+02 3.100000000000000000e+01 4.600000000000000000e+01 1.180000000000000000e+02
2.346408839779005575e+02 3.100000000000000000e+01 4.700000000000000000e+01 1.200000000000000000e+02
2.349447513812154682e+02 3.100000000000000000e+01 4.900000000000000000e+01 1.220000000000000000e+02
2.352486187845303789e+02 3.100000000000000000e+01 5.000000000000000000e+01 1.240000000000000000e+02
2.355524861878453180e+02 3.100000000000000000e+01 5.200000000000000000e+01 1.260000000000000000e+02
2.358563535911602287e+02 3.100000000000000000e+01 5.300000000000000000e+01 1.280000000000000000e+02
2.361602209944751394e+02 3.100000000000000000e+01 5.500000000000000000e+01 1.300000000000000000e+02
2.364640883977900501e+02 3.100000000000000000e+01 5.600000000000000000e+01 1.320000000000000000e+02
2.367679558011049608e+02 3.200000000000000000e+01 5.700000000000000000e+01 1.330000000000000000e+02
2.370718232044198999e+02 3.200000000000000000e+01 5.900000000000000000e+01 1.360000000000000000e+02
2.373756906077348106e+02 3.200000000000000000e+01 6.000000000000000000e+01 1.370000000000000000e+02
2.376795580110497212e+02 3.200000000000000000e+01 6.100000000000000000e+01 1.390000000000000000e+02
2.379834254143646319e+02 3.200000000000000000e+01 6.300000000000000000e+01 1.410000000000000000e+02
2.382872928176795426e+02 3.200000000000000000e+01 6.400000000000000000e+01 1.420000000000000000e+02
2.385911602209944817e+02 3.200000000000000000e+01 6.400000000000000000e+01 1.420000000000000000e+02
2.388950276243093924e+02 3.200000000000000000e+01 6.500000000000000000e+01 1.440000000000000000e+02
2.391988950276243031e+02 3.200000000000000000e+01 6.700000000000000000e+01 1.460000000000000000e+02
2.395027624309392422e+02 3.200000000000000000e+01 6.800000000000000000e+01 1.480000000000000000e+02
2.398066298342541529e+02 3.200000000000000000e+01 6.900000000000000000e+01 1.500000000000000000e+02
2.401104972375690636e+02 3.200000000000000000e+01 7.100000000000000000e+01 1.520000000000000000e+02
2.404143646408839743e+02 3.300000000000000000e+01 7.300000000000000000e+01 1.550000000000000000e+02
2.407182320441988850e+02 3.300000000000000000e+01 7.400000000000000000e+01 1.570000000000000000e+02
2.410220994475138241e+02 3.300000000000000000e+01 7.600000000000000000e+01 1.590000000000000000e+02
2.413259668508287348e+02 3.300000000000000000e+01 7.800000000000000000e+01 1.610000000000000000e+02
2.416298342541436455e+02 3.300000000000000000e+01 7.900000000000000000e+01 1.620000000000000000e+02
2.419337016574585562e+02 3.300000000000000000e+01 8.100000000000000000e+01 1.640000000000000000e+02
2.422375690607734668e+02 3.300000000000000000e+01 8.300000000000000000e+01 1.660000000000000000e+02
2.425414364640884060e+02 3.400000000000000000e+01 8.500000000000000000e+01 1.680000000000000000e+02
2.428453038674033166e+02 3.400000000000000000e+01 8.700000000000000000e+01 1.700000000000000000e+02
2.431491712707182273e+02 3.400000000000000000e+01 8.900000000000000000e+01 1.720000000000000000e+02
2.434530386740331664e+02 3.500000000000000000e+01 9.000000000000000000e+01 1.730000000000000000e+02
2.437569060773480487e+02 3.500000000000000000e+01 9.000000000000000000e+01 1.730000000000000000e+02
2.440607734806629878e+02 3.500000000000000000e+01 9.200000000000000000e+01 1.750000000000000000e+02
2.443646408839778985e+02 3.500000000000000000e+01 9.400000000000000000e+01 1.770000000000000000e+02
2.446685082872928092e+02 3.600000000000000000e+01 9.600000000000000000e+01 1.790000000000000000e+02
2.449723756906077483e+02 3.600000000000000000e+01 9.900000000000000000e+01 1.810000000000000000e+02
2.452762430939226590e+02 3.600000000000000000e+01 1.010000000000000000e+02 1.830000000000000000e+02
2.455801104972375697e+02 3.700000000000000000e+01 1.030000000000000000e+02 1.850000000000000000e+02
2.458839779005524804e+02 3.700000000000000000e+01 1.040000000000000000e+02 1.860000000000000000e+02
2.461878453038673911e+02 3.700000000000000000e+01 1.070000000000000000e+02 1.870000000000000000e+02
2.464917127071823302e+02 3.700000000000000000e+01 1.090000000000000000e+02 1.890000000000000000e+02
2.467955801104972409e+02 3.800000000000000000e+01 1.110000000000000000e+02 1.920000000000000000e+02
2.470994475138121516e+02 3.800000000000000000e+01 1.140000000000000000e+02 1.940000000000000000e+02
2.474033149171270622e+02 3.800000000000000000e+01 1.160000000000000000e+02 1.960000000000000000e+02
2.477071823204419729e+02 3.900000000000000000e+01 1.180000000000000000e+02 1.980000000000000000e+02
2.480110497237569120e+02 4.000000000000000000e+01 1.200000000000000000e+02 2.000000000000000000e+02
2.483149171270718227e+02 4.000000000000000000e+01 1.220000000000000000e+02 2.020000000000000000e+02
2.486187845303867334e+02 4.000000000000000000e+01 1.240000000000000000e+02 2.040000000000000000e+02
2.489226519337016725e+02 4.100000000000000000e+01 1.270000000000000000e+02 2.060000000000000000e+02
2.492265193370165832e+02 4.100000000000000000e+01 1.270000000000000000e+02 2.060000000000000000e+02
2.495303867403314939e+02 4.100000000000000000e+01 1.280000000000000000e+02 2.070000000000000000e+02
2.498342541436464046e+02 4.100000000000000000e+01 1.300000000000000000e+02 2.090000000000000000e+02
2.501381215469613153e+02 4.100000000000000000e+01 1.320000000000000000e+02 2.110000000000000000e+02
2.504419889502762544e+02 4.200000000000000000e+01 1.330000000000000000e+02 2.120000000000000000e+02
2.507458563535911651e+02 4.200000000000000000e+01 1.350000000000000000e+02 2.140000000000000000e+02
2.510497237569060758e+02 4.200000000000000000e+01 1.370000000000000000e+02 2.160000000000000000e+02
2.513535911602209865e+02 4.200000000000000000e+01 1.390000000000000000e+02 2.180000000000000000e+02
2.516574585635358972e+02 4.200000000000000000e+01 1.410000000000000000e+02 2.200000000000000000e+02
2.519613259668508363e+02 4.300000000000000000e+01 1.440000000000000000e+02 2.220000000000000000e+02
2.522651933701657470e+02 4.300000000000000000e+01 1.460000000000000000e+02 2.240000000000000000e+02
2.525690607734806576e+02 4.300000000000000000e+01 1.480000000000000000e+02 2.260000000000000000e+02
2.528729281767955968e+02 4.400000000000000000e+01 1.500000000000000000e+02 2.280000000000000000e+02
2.531767955801105074e+02 4.400000000000000000e+01 1.520000000000000000e+02 2.300000000000000000e+02
2.534806629834254181e+02 4.400000000000000000e+01 1.550000000000000000e+02 2.320000000000000000e+02
2.537845303867403288e+02 4.500000000000000000e+01 1.570000000000000000e+02 2.340000000000000000e+02
2.540883977900552395e+02 4.600000000000000000e+01 1.590000000000000000e+02 2.360000000000000000e+02
2.543922651933701786e+02 4.600000000000000000e+01 1.610000000000000000e+02 2.380000000000000000e+02
2.546961325966850893e+02 4.600000000000000000e+01 1.630000000000000000e+02 2.390000000000000000e+02
2.550000000000000000e+02 4.600000000000000000e+01 1.630000000000000000e+02 2.390000000000000000e+02
2.553038674033149107e+02 4.600000000000000000e+01 1.640000000000000000e+02 2.400000000000000000e+02
2.556077348066298214e+02 4.700000000000000000e+01 1.670000000000000000e+02 2.420000000000000000e+02
2.559116022099447605e+02 4.700000000000000000e+01 1.690000000000000000e+02 2.440000000000000000e+02
2.562154696132596428e+02 4.800000000000000000e+01 1.710000000000000000e+02 2.440000000000000000e+02
2.565193370165745819e+02 4.700000000000000000e+01 1.720000000000000000e+02 2.430000000000000000e+02
2.568232044198895210e+02 4.700000000000000000e+01 1.720000000000000000e+02 2.400000000000000000e+02
2.571270718232044032e+02 4.600000000000000000e+01 1.730000000000000000e+02 2.360000000000000000e+02
2.574309392265193424e+02 4.500000000000000000e+01 1.740000000000000000e+02 2.300000000000000000e+02
2.577348066298342246e+02 4.500000000000000000e+01 1.740000000000000000e+02 2.240000000000000000e+02
2.580386740331491637e+02 4.400000000000000000e+01 1.730000000000000000e+02 2.150000000000000000e+02
2.583425414364641028e+02 4.200000000000000000e+01 1.720000000000000000e+02 2.060000000000000000e+02
2.586464088397789851e+02 4.100000000000000000e+01 1.710000000000000000e+02 1.960000000000000000e+02
2.589502762430939242e+02 4.000000000000000000e+01 1.700000000000000000e+02 1.840000000000000000e+02
2.592541436464088633e+02 3.900000000000000000e+01 1.680000000000000000e+02 1.710000000000000000e+02
2.595580110497237456e+02 3.700000000000000000e+01 1.660000000000000000e+02 1.590000000000000000e+02
2.598618784530386847e+02 3.600000000000000000e+01 1.650000000000000000e+02 1.470000000000000000e+02
2.601657458563535670e+02 3.500000000000000000e+01 1.640000000000000000e+02 1.340000000000000000e+02
2.604696132596685061e+02 3.500000000000000000e+01 1.640000000000000000e+02 1.330000000000000000e+02
2.607734806629834452e+02 3.400000000000000000e+01 1.630000000000000000e+02 1.290000000000000000e+02
2.610773480662983275e+02 3.200000000000000000e+01 1.630000000000000000e+02 1.150000000000000000e+02
2.613812154696132666e+02 3.100000000000000000e+01 1.630000000000000000e+02 1.030000000000000000e+02
2.616850828729282057e+02 2.900000000000000000e+01 1.630000000000000000e+02 9.000000000000000000e+01
2.619889502762430880e+02 2.700000000000000000e+01 1.640000000000000000e+02 7.700000000000000000e+01
2.622928176795580271e+02 2.600000000000000000e+01 1.650000000000000000e+02 6.300000000000000000e+01
2.625966850828729093e+02 2.500000000000000000e+01 1.670000000000000000e+02 5.200000000000000000e+01
2.629005524861878484e+02 2.500000000000000000e+01 1.690000000000000000e+02 4.200000000000000000e+01
2.632044198895027876e+02 2.600000000000000000e+01 1.710000000000000000e+02 3.100000000000000000e+01
2.635082872928176698e+02 2.800000000000000000e+01 1.750000000000000000e+02 2.300000000000000000e+01
2.638121546961326089e+02 3.000000000000000000e+01 1.770000000000000000e+02 1.600000000000000000e+01
2.641160220994474912e+02 3.300000000000000000e+01 1.800000000000000000e+02 1.000000000000000000e+01
2.644198895027624303e+02 3.700000000000000000e+01 1.820000000000000000e+02 6.000000000000000000e+00
2.647237569060773694e+02 4.100000000000000000e+01 1.850000000000000000e+02 3.000000000000000000e+00
2.650276243093922517e+02 4.600000000000000000e+01 1.870000000000000000e+02 0.000000000000000000e+00
2.653314917127071908e+02 5.300000000000000000e+01 1.890000000000000000e+02 0.000000000000000000e+00
2.656353591160220731e+02 5.500000000000000000e+01 1.900000000000000000e+02 0.000000000000000000e+00
2.659392265193370122e+02 5.600000000000000000e+01 1.900000000000000000e+02 0.000000000000000000e+00
2.662430939226519513e+02 6.300000000000000000e+01 1.930000000000000000e+02 0.000000000000000000e+00
2.665469613259668336e+02 7.000000000000000000e+01 1.950000000000000000e+02 0.000000000000000000e+00
2.668508287292817727e+02 7.600000000000000000e+01 1.970000000000000000e+02 0.000000000000000000e+00
2.671546961325966549e+02 8.400000000000000000e+01 2.000000000000000000e+02 0.000000000000000000e+00
2.674585635359115940e+02 9.100000000000000000e+01 2.020000000000000000e+02 0.000000000000000000e+00
2.677624309392265332e+02 9.800000000000000000e+01 2.040000000000000000e+02 0.000000000000000000e+00
2.680662983425414154e+02 1.040000000000000000e+02 2.050000000000000000e+02 0.000000000000000000e+00
2.683701657458563545e+02 1.120000000000000000e+02 2.080000000000000000e+02 0.000000000000000000e+00
2.686740331491712368e+02 1.190000000000000000e+02 2.100000000000000000e+02 0.000000000000000000e+00
2.689779005524861759e+02 1.260000000000000000e+02 2.130000000000000000e+02 0.000000000000000000e+00
2.692817679558011150e+02 1.330000000000000000e+02 2.150000000000000000e+02 0.000000000000000000e+00
2.695856353591160541e+02 1.400000000000000000e+02 2.170000000000000000e+02 0.000000000000000000e+00
2.698895027624309364e+02 1.470000000000000000e+02 2.200000000000000000e+02 0.000000000000000000e+00
2.701933701657458755e+02 1.550000000000000000e+02 2.220000000000000000e+02 0.000000000000000000e+00
2.704972375690607578e+02 1.620000000000000000e+02 2.240000000000000000e+02 0.000000000000000000e+00
2.708011049723756969e+02 1.690000000000000000e+02 2.260000000000000000e+02 0.000000000000000000e+00
2.711049723756906360e+02 1.760000000000000000e+02 2.290000000000000000e+02 0.000000000000000000e+00
2.714088397790055183e+02 1.760000000000000000e+02 2.290000000000000000e+02 0.000000000000000000e+00
2.717127071823204574e+02 1.800000000000000000e+02 2.300000000000000000e+02 0.000000000000000000e+00
2.720165745856353396e+02 1.870000000000000000e+02 2.320000000000000000e+02 0.000000000000000000e+00
2.723204419889502788e+02 1.930000000000000000e+02 2.340000000000000000e+02 0.000000000000000000e+00
2.726243093922652179e+02 2.000000000000000000e+02 2.360000000000000000e+02 0.000000000000000000e+00
2.729281767955801001e+02 2.070000000000000000e+02 2.380000000000000000e+02 0.000000000000000000e+00
2.732320441988950392e+02 2.140000000000000000e+02 2.410000000000000000e+02 0.000000000000000000e+00
2.735359116022099215e+02 2.210000000000000000e+02 2.430000000000000000e+02 0.000000000000000000e+00
2.738397790055248606e+02 2.270000000000000000e+02 2.450000000000000000e+02 0.000000000000000000e+00
2.741436464088397997e+02 2.330000000000000000e+02 2.460000000000000000e+02 0.000000000000000000e+00
2.744475138121546820e+02 2.380000000000000000e+02 2.470000000000000000e+02 0.000000000000000000e+00
2.747513812154696211e+02 2.410000000000000000e+02 2.470000000000000000e+02 0.000000000000000000e+00
2.750552486187845034e+02 2.450000000000000000e+02 2.460000000000000000e+02 0.000000000000000000e+00
2.753591160220994425e+02 2.480000000000000000e+02 2.440000000000000000e+02 0.000000000000000000e+00
2.756629834254143816e+02 2.510000000000000000e+02 2.430000000000000000e+02 0.000000000000000000e+00
2.759668508287292639e+02 2.520000000000000000e+02 2.410000000000000000e+02 0.000000000000000000e+00
2.762707182320442030e+02 2.540000000000000000e+02 2.380000000000000000e+02 0.000000000000000000e+00
2.765745856353590852e+02 2.540000000000000000e+02 2.350000000000000000e+02 0.000000000000000000e+00
2.768784530386740244e+02 2.550000000000000000e+02 2.340000000000000000e+02 0.000000000000000000e+00
2.771823204419889635e+02 2.550000000000000000e+02 2.340000000000000000e+02 0.000000000000000000e+00
2.774861878453039026e+02 2.550000000000000000e+02 2.300000000000000000e+02 0.000000000000000000e+00
2.777900552486187848e+02 2.550000000000000000e+02 2.260000000000000000e+02 0.000000000000000000e+00
2.780939226519336671e+02 2.550000000000000000e+02 2.230000000000000000e+02 0.000000000000000000e+00
2.783977900552486062e+02 2.550000000000000000e+02 2.190000000000000000e+02 0.000000000000000000e+00
2.787016574585635453e+02 2.550000000000000000e+02 2.160000000000000000e+02 0.000000000000000000e+00
2.790055248618784844e+02 2.550000000000000000e+02 2.120000000000000000e+02 0.000000000000000000e+00
2.793093922651933667e+02 2.550000000000000000e+02 2.090000000000000000e+02 0.000000000000000000e+00
2.796132596685083058e+02 2.550000000000000000e+02 2.050000000000000000e+02 0.000000000000000000e+00
2.799171270718231881e+02 2.550000000000000000e+02 2.020000000000000000e+02 0.000000000000000000e+00
2.802209944751381272e+02 2.550000000000000000e+02 1.980000000000000000e+02 0.000000000000000000e+00
2.805248618784530663e+02 2.550000000000000000e+02 1.950000000000000000e+02 0.000000000000000000e+00
2.808287292817679486e+02 2.550000000000000000e+02 1.920000000000000000e+02 0.000000000000000000e+00
2.811325966850828877e+02 2.550000000000000000e+02 1.890000000000000000e+02 0.000000000000000000e+00
2.814364640883977700e+02 2.550000000000000000e+02 1.850000000000000000e+02 0.000000000000000000e+00
2.817403314917127091e+02 2.550000000000000000e+02 1.810000000000000000e+02 0.000000000000000000e+00
2.820441988950276482e+02 2.550000000000000000e+02 1.780000000000000000e+02 0.000000000000000000e+00
2.823480662983425304e+02 2.550000000000000000e+02 1.750000000000000000e+02 0.000000000000000000e+00
2.826519337016574696e+02 2.550000000000000000e+02 1.750000000000000000e+02 0.000000000000000000e+00
2.829558011049723518e+02 2.550000000000000000e+02 1.740000000000000000e+02 0.000000000000000000e+00
2.832596685082872909e+02 2.550000000000000000e+02 1.700000000000000000e+02 0.000000000000000000e+00
2.835635359116022300e+02 2.550000000000000000e+02 1.670000000000000000e+02 0.000000000000000000e+00
2.838674033149171123e+02 2.550000000000000000e+02 1.630000000000000000e+02 0.000000000000000000e+00
2.841712707182320514e+02 2.550000000000000000e+02 1.600000000000000000e+02 0.000000000000000000e+00
2.844751381215469337e+02 2.550000000000000000e+02 1.560000000000000000e+02 0.000000000000000000e+00
2.847790055248618728e+02 2.550000000000000000e+02 1.520000000000000000e+02 0.000000000000000000e+00
2.850828729281768119e+02 2.550000000000000000e+02 1.490000000000000000e+02 0.000000000000000000e+00
2.853867403314916942e+02 2.550000000000000000e+02 1.450000000000000000e+02 0.000000000000000000e+00
2.856906077348066333e+02 2.550000000000000000e+02 1.420000000000000000e+02 0.000000000000000000e+00
2.859944751381215156e+02 2.550000000000000000e+02 1.380000000000000000e+02 0.000000000000000000e+00
2.862983425414364547e+02 2.550000000000000000e+02 1.350000000000000000e+02 0.000000000000000000e+00
2.866022099447513938e+02 2.550000000000000000e+02 1.310000000000000000e+02 0.000000000000000000e+00
2.869060773480663329e+02 2.540000000000000000e+02 1.280000000000000000e+02 0.000000000000000000e+00
2.872099447513812152e+02 2.530000000000000000e+02 1.250000000000000000e+02 0.000000000000000000e+00
2.875138121546960974e+02 2.530000000000000000e+02 1.220000000000000000e+02 0.000000000000000000e+00
2.878176795580110365e+02 2.530000000000000000e+02 1.220000000000000000e+02 0.000000000000000000e+00
2.881215469613259756e+02 2.520000000000000000e+02 1.210000000000000000e+02 0.000000000000000000e+00
2.884254143646409148e+02 2.520000000000000000e+02 1.170000000000000000e+02 0.000000000000000000e+00
2.887292817679557970e+02 2.510000000000000000e+02 1.150000000000000000e+02 0.000000000000000000e+00
2.890331491712707361e+02 2.500000000000000000e+02 1.120000000000000000e+02 0.000000000000000000e+00
2.893370165745856184e+02 2.500000000000000000e+02 1.100000000000000000e+02 0.000000000000000000e+00
2.896408839779005575e+02 2.490000000000000000e+02 1.070000000000000000e+02 0.000000000000000000e+00
2.899447513812154966e+02 2.480000000000000000e+02 1.060000000000000000e+02 0.000000000000000000e+00
2.902486187845303789e+02 2.460000000000000000e+02 1.030000000000000000e+02 0.000000000000000000e+00
2.905524861878453180e+02 2.450000000000000000e+02 1.000000000000000000e+02 0.000000000000000000e+00
2.908563535911602003e+02 2.440000000000000000e+02 9.800000000000000000e+01 0.000000000000000000e+00
2.911602209944751394e+02 2.420000000000000000e+02 9.600000000000000000e+01 0.000000000000000000e+00
2.914640883977900785e+02 2.410000000000000000e+02 9.400000000000000000e+01 0.000000000000000000e+00
2.917679558011049608e+02 2.400000000000000000e+02 9.100000000000000000e+01 0.000000000000000000e+00
2.920718232044198999e+02 2.390000000000000000e+02 8.900000000000000000e+01 0.000000000000000000e+00
2.923756906077347821e+02 2.370000000000000000e+02 8.600000000000000000e+01 0.000000000000000000e+00
2.926795580110497212e+02 2.360000000000000000e+02 8.300000000000000000e+01 0.000000000000000000e+00
2.929834254143646604e+02 2.350000000000000000e+02 8.100000000000000000e+01 0.000000000000000000e+00
2.932872928176795426e+02 2.340000000000000000e+02 8.000000000000000000e+01 0.000000000000000000e+00
2.935911602209944817e+02 2.340000000000000000e+02 8.000000000000000000e+01 0.000000000000000000e+00
2.938950276243093640e+02 2.330000000000000000e+02 7.800000000000000000e+01 0.000000000000000000e+00
2.941988950276243031e+02 2.320000000000000000e+02 7.600000000000000000e+01 0.000000000000000000e+00
2.945027624309392422e+02 2.300000000000000000e+02 7.300000000000000000e+01 0.000000000000000000e+00
2.948066298342541245e+02 2.290000000000000000e+02 7.100000000000000000e+01 0.000000000000000000e+00
2.951104972375690636e+02 2.280000000000000000e+02 6.900000000000000000e+01 0.000000000000000000e+00
2.954143646408839459e+02 2.260000000000000000e+02 6.700000000000000000e+01 0.000000000000000000e+00
2.957182320441988850e+02 2.250000000000000000e+02 6.500000000000000000e+01 0.000000000000000000e+00
2.960220994475138241e+02 2.240000000000000000e+02 6.200000000000000000e+01 0.000000000000000000e+00
2.963259668508287632e+02 2.230000000000000000e+02 6.000000000000000000e+01 0.000000000000000000e+00
2.966298342541436455e+02 2.210000000000000000e+02 5.800000000000000000e+01 0.000000000000000000e+00
2.969337016574585846e+02 2.200000000000000000e+02 5.500000000000000000e+01 0.000000000000000000e+00
2.972375690607734668e+02 2.190000000000000000e+02 5.300000000000000000e+01 0.000000000000000000e+00
2.975414364640884060e+02 2.170000000000000000e+02 5.000000000000000000e+01 0.000000000000000000e+00
2.978453038674033451e+02 2.160000000000000000e+02 4.800000000000000000e+01 0.000000000000000000e+00
2.981491712707182273e+02 2.140000000000000000e+02 4.600000000000000000e+01 0.000000000000000000e+00
2.984530386740331664e+02 2.120000000000000000e+02 4.400000000000000000e+01 0.000000000000000000e+00
2.987569060773480487e+02 2.100000000000000000e+02 4.200000000000000000e+01 0.000000000000000000e+00
2.990607734806629878e+02 2.100000000000000000e+02 4.200000000000000000e+01 0.000000000000000000e+00
2.993646408839779269e+02 2.100000000000000000e+02 4.200000000000000000e+01 0.000000000000000000e+00
2.996685082872928092e+02 2.070000000000000000e+02 4.000000000000000000e+01 0.000000000000000000e+00
2.999723756906077483e+02 2.050000000000000000e+02 3.800000000000000000e+01 0.000000000000000000e+00
3.002762430939226306e+02 2.020000000000000000e+02 3.700000000000000000e+01 0.000000000000000000e+00
3.005801104972375697e+02 1.990000000000000000e+02 3.500000000000000000e+01 0.000000000000000000e+00
3.008839779005525088e+02 1.960000000000000000e+02 3.300000000000000000e+01 0.000000000000000000e+00
3.011878453038673911e+02 1.920000000000000000e+02 3.200000000000000000e+01 0.000000000000000000e+00
3.014917127071823302e+02 1.890000000000000000e+02 3.100000000000000000e+01 0.000000000000000000e+00
3.017955801104972124e+02 1.860000000000000000e+02 3.000000000000000000e+01 0.000000000000000000e+00
3.020994475138121516e+02 1.820000000000000000e+02 2.900000000000000000e+01 0.000000000000000000e+00
3.024033149171270907e+02 1.780000000000000000e+02 2.800000000000000000e+01 0.000000000000000000e+00
3.027071823204419729e+02 1.750000000000000000e+02 2.600000000000000000e+01 0.000000000000000000e+00
3.030110497237569120e+02 1.720000000000000000e+02 2.500000000000000000e+01 0.000000000000000000e+00
3.033149171270717943e+02 1.690000000000000000e+02 2.400000000000000000e+01 0.000000000000000000e+00
3.036187845303867334e+02 1.660000000000000000e+02 2.300000000000000000e+01 0.000000000000000000e+00
3.039226519337016725e+02 1.620000000000000000e+02 2.100000000000000000e+01 0.000000000000000000e+00
3.042265193370165548e+02 1.590000000000000000e+02 2.000000000000000000e+01 0.000000000000000000e+00
3.045303867403314939e+02 1.560000000000000000e+02 2.000000000000000000e+01 0.000000000000000000e+00
3.048342541436463762e+02 1.560000000000000000e+02 2.000000000000000000e+01 0.000000000000000000e+00
3.051381215469613153e+02 1.550000000000000000e+02 1.900000000000000000e+01 0.000000000000000000e+00
3.054419889502762544e+02 1.510000000000000000e+02 1.800000000000000000e+01 0.000000000000000000e+00
3.057458563535911935e+02 1.480000000000000000e+02 1.700000000000000000e+01 0.000000000000000000e+00
3.060497237569060758e+02 1.440000000000000000e+02 1.500000000000000000e+01 0.000000000000000000e+00
3.063535911602210149e+02 1.410000000000000000e+02 1.400000000000000000e+01 0.000000000000000000e+00
3.066574585635358972e+02 1.370000000000000000e+02 1.300000000000000000e+01 0.000000000000000000e+00
3.069613259668508363e+02 1.340000000000000000e+02 1.100000000000000000e+01 0.000000000000000000e+00
3.072651933701657754e+02 1.310000000000000000e+02 1.000000000000000000e+01 0.000000000000000000e+00
3.075690607734806576e+02 1.270000000000000000e+02 9.000000000000000000e+00 0.000000000000000000e+00
3.078729281767955968e+02 1.240000000000000000e+02 8.000000000000000000e+00 0.000000000000000000e+00
3.081767955801104790e+02 1.210000000000000000e+02 7.000000000000000000e+00 0.000000000000000000e+00
3.084806629834254181e+02 1.180000000000000000e+02 6.000000000000000000e+00 0.000000000000000000e+00
3.087845303867403572e+02 1.150000000000000000e+02 5.000000000000000000e+00 0.000000000000000000e+00
3.090883977900552395e+02 1.120000000000000000e+02 3.000000000000000000e+00 0.000000000000000000e+00
3.093922651933701786e+02 1.090000000000000000e+02 2.000000000000000000e+00 0.000000000000000000e+00
3.096961325966850609e+02 1.070000000000000000e+02 2.000000000000000000e+00 0.000000000000000000e+00
