2.700000000000000000e+02 4.300000000000000000e+01 0.000000000000000000e+00 2.600000000000000000e+01
2.700828729281768119e+02 4.500000000000000000e+01 0.000000000000000000e+00 2.800000000000000000e+01
2.701657458563535670e+02 4.700000000000000000e+01 0.000000000000000000e+00 3.000000000000000000e+01
2.702486187845303789e+02 4.900000000000000000e+01 0.000000000000000000e+00 3.200000000000000000e+01
2.703314917127071908e+02 5.100000000000000000e+01 0.000000000000000000e+00 3.400000000000000000e+01
2.704143646408840027e+02 5.200000000000000000e+01 0.000000000000000000e+00 3.500000000000000000e+01
2.704972375690607578e+02 5.300000000000000000e+01 0.000000000000000000e+00 3.600000000000000000e+01
2.705801104972375697e+02 5.500000000000000000e+01 0.000000000000000000e+00 3.800000000000000000e+01
2.706629834254143816e+02 5.700000000000000000e+01 0.000000000000000000e+00 4.100000000000000000e+01
2.707458563535911367e+02 6.000000000000000000e+01 0.000000000000000000e+00 4.300000000000000000e+01
2.708287292817679486e+02 6.200000000000000000e+01 0.000000000000000000e+00 4.500000000000000000e+01
2.709116022099447605e+02 6.400000000000000000e+01 1.000000000000000000e+00 4.800000000000000000e+01
2.709944751381215724e+02 6.600000000000000000e+01 1.000000000000000000e+00 5.000000000000000000e+01
2.710773480662983275e+02 6.800000000000000000e+01 1.000000000000000000e+00 5.200000000000000000e+01
2.711602209944751394e+02 7.000000000000000000e+01 1.000000000000000000e+00 5.400000000000000000e+01
2.712430939226519513e+02 7.200000000000000000e+01 1.000000000000000000e+00 5.700000000000000000e+01
2.713259668508287064e+02 7.200000000000000000e+01 1.000000000000000000e+00 5.700000000000000000e+01
2.714088397790055183e+02 7.300000000000000000e+01 1.000000000000000000e+00 5.800000000000000000e+01
2.714917127071823302e+02 7.500000000000000000e+01 2.000000000000000000e+00 6.100000000000000000e+01
2.715745856353591421e+02 7.700000000000000000e+01 2.000000000000000000e+00 6.300000000000000000e+01
2.716574585635358972e+02 7.800000000000000000e+01 2.000000000000000000e+00 6.600000000000000000e+01
2.717403314917127091e+02 8.000000000000000000e+01 2.000000000000000000e+00 6.800000000000000000e+01
2.718232044198895210e+02 8.300000000000000000e+01 2.000000000000000000e+00 7.100000000000000000e+01
2.719060773480662760e+02 8.500000000000000000e+01 2.000000000000000000e+00 7.400000000000000000e+01
2.719889502762430880e+02 8.700000000000000000e+01 2.000000000000000000e+00 7.600000000000000000e+01
2.720718232044198999e+02 8.900000000000000000e+01 2.000000000000000000e+00 7.900000000000000000e+01
2.721546961325967118e+02 9.100000000000000000e+01 3.000000000000000000e+00 8.100000000000000000e+01
2.722375690607734668e+02 9.400000000000000000e+01 3.000000000000000000e+00 8.400000000000000000e+01
2.723204419889502788e+02 9.600000000000000000e+01 3.000000000000000000e+00 8.600000000000000000e+01
2.724033149171270907e+02 9.800000000000000000e+01 3.000000000000000000e+00 8.900000000000000000e+01
2.724861878453038457e+02 1.000000000000000000e+02 3.000000000000000000e+00 9.200000000000000000e+01
2.725690607734806576e+02 1.020000000000000000e+02 3.000000000000000000e+00 9.400000000000000000e+01
2.726519337016574696e+02 1.050000000000000000e+02 4.000000000000000000e+00 9.700000000000000000e+01
2.727348066298342815e+02 1.070000000000000000e+02 4.000000000000000000e+00 1.000000000000000000e+02
2.728176795580110365e+02 1.080000000000000000e+02 4.000000000000000000e+00 1.020000000000000000e+02
2.729005524861878484e+02 1.080000000000000000e+02 4.000000000000000000e+00 1.020000000000000000e+02
2.729834254143646604e+02 1.100000000000000000e+02 4.000000000000000000e+00 1.040000000000000000e+02
2.730662983425414154e+02 1.120000000000000000e+02 5.000000000000000000e+00 1.070000000000000000e+02
2.731491712707182273e+02 1.140000000000000000e+02 5.000000000000000000e+00 1.090000000000000000e+02
2.732320441988950392e+02 1.160000000000000000e+02 5.000000000000000000e+00 1.110000000000000000e+02
2.733149171270718512e+02 1.180000000000000000e+02 6.000000000000000000e+00 1.130000000000000000e+02
2.733977900552486062e+02 1.190000000000000000e+02 6.000000000000000000e+00 1.140000000000000000e+02
2.734806629834254181e+02 1.200000000000000000e+02 6.000000000000000000e+00 1.160000000000000000e+02
2.735635359116022300e+02 1.210000000000000000e+02 6.000000000000000000e+00 1.170000000000000000e+02
2.736464088397789851e+02 1.210000000000000000e+02 6.000000000000000000e+00 1.180000000000000000e+02
2.737292817679557970e+02 1.210000000000000000e+02 6.000000000000000000e+00 1.190000000000000000e+02
2.738121546961326089e+02 1.200000000000000000e+02 6.000000000000000000e+00 1.190000000000000000e+02
2.738950276243093640e+02 1.200000000000000000e+02 6.000000000000000000e+00 1.190000000000000000e+02
2.739779005524861759e+02 1.190000000000000000e+02 7.000000000000000000e+00 1.180000000000000000e+02
2.740607734806629878e+02 1.170000000000000000e+02 7.000000000000000000e+00 1.170000000000000000e+02
2.741436464088397997e+02 1.150000000000000000e+02 7.000000000000000000e+00 1.160000000000000000e+02
2.742265193370165548e+02 1.130000000000000000e+02 7.000000000000000000e+00 1.150000000000000000e+02
2.743093922651933667e+02 1.110000000000000000e+02 7.000000000000000000e+00 1.140000000000000000e+02
2.743922651933701786e+02 1.110000000000000000e+02 7.000000000000000000e+00 1.140000000000000000e+02
2.744751381215469337e+02 1.100000000000000000e+02 7.000000000000000000e+00 1.130000000000000000e+02
2.745580110497237456e+02 1.070000000000000000e+02 7.000000000000000000e+00 1.120000000000000000e+02
2.746408839779005575e+02 1.050000000000000000e+02 8.000000000000000000e+00 1.110000000000000000e+02
2.747237569060773694e+02 1.020000000000000000e+02 8.000000000000000000e+00 1.090000000000000000e+02
2.748066298342541245e+02 9.900000000000000000e+01 8.000000000000000000e+00 1.080000000000000000e+02
2.748895027624309364e+02 9.600000000000000000e+01 8.000000000000000000e+00 1.060000000000000000e+02
2.749723756906077483e+02 9.300000000000000000e+01 8.000000000000000000e+00 1.040000000000000000e+02
2.750552486187845034e+02 9.100000000000000000e+01 8.000000000000000000e+00 1.030000000000000000e+02
2.751381215469613153e+02 8.800000000000000000e+01 9.000000000000000000e+00 1.020000000000000000e+02
2.752209944751381272e+02 8.600000000000000000e+01 9.000000000000000000e+00 1.010000000000000000e+02
2.753038674033149391e+02 8.200000000000000000e+01 9.000000000000000000e+00 9.900000000000000000e+01
2.753867403314916942e+02 7.900000000000000000e+01 9.000000000000000000e+00 9.800000000000000000e+01
2.754696132596685061e+02 7.700000000000000000e+01 9.000000000000000000e+00 9.700000000000000000e+01
2.755524861878453180e+02 7.400000000000000000e+01 9.000000000000000000e+00 9.500000000000000000e+01
2.756353591160220731e+02 7.200000000000000000e+01 1.000000000000000000e+01 9.300000000000000000e+01
2.757182320441988850e+02 6.900000000000000000e+01 1.000000000000000000e+01 9.200000000000000000e+01
2.758011049723756969e+02 6.900000000000000000e+01 1.000000000000000000e+01 9.200000000000000000e+01
2.758839779005525088e+02 6.800000000000000000e+01 1.000000000000000000e+01 9.100000000000000000e+01
2.759668508287292639e+02 6.500000000000000000e+01 1.000000000000000000e+01 9.000000000000000000e+01
2.760497237569060758e+02 6.300000000000000000e+01 1.000000000000000000e+01 8.900000000000000000e+01
2.761325966850828877e+02 6.000000000000000000e+01 1.000000000000000000e+01 8.700000000000000000e+01
2.762154696132596428e+02 5.800000000000000000e+01 1.000000000000000000e+01 8.600000000000000000e+01
2.762983425414364547e+02 5.500000000000000000e+01 1.000000000000000000e+01 8.500000000000000000e+01
2.763812154696132666e+02 5.300000000000000000e+01 1.100000000000000000e+01 8.400000000000000000e+01
2.764640883977900785e+02 4.900000000000000000e+01 1.100000000000000000e+01 8.200000000000000000e+01
2.765469613259668336e+02 4.600000000000000000e+01 1.100000000000000000e+01 8.000000000000000000e+01
2.766298342541436455e+02 4.400000000000000000e+01 1.100000000000000000e+01 7.900000000000000000e+01
2.767127071823204574e+02 4.100000000000000000e+01 1.100000000000000000e+01 7.700000000000000000e+01
2.767955801104972124e+02 3.900000000000000000e+01 1.100000000000000000e+01 7.600000000000000000e+01
2.768784530386740244e+02 3.700000000000000000e+01 1.100000000000000000e+01 7.600000000000000000e+01
2.769613259668508363e+02 3.500000000000000000e+01 1.200000000000000000e+01 7.500000000000000000e+01
2.770441988950276482e+02 3.300000000000000000e+01 1.300000000000000000e+01 7.500000000000000000e+01
2.771270718232044032e+02 3.200000000000000000e+01 1.300000000000000000e+01 7.500000000000000000e+01
2.772099447513812152e+02 3.100000000000000000e+01 1.400000000000000000e+01 7.500000000000000000e+01
2.772928176795580271e+02 3.000000000000000000e+01 1.600000000000000000e+01 7.700000000000000000e+01
2.773756906077347821e+02 3.000000000000000000e+01 1.600000000000000000e+01 7.700000000000000000e+01
2.774585635359115940e+02 3.000000000000000000e+01 1.600000000000000000e+01 7.700000000000000000e+01
2.775414364640884060e+02 3.000000000000000000e+01 1.800000000000000000e+01 7.800000000000000000e+01
2.776243093922652179e+02 3.000000000000000000e+01 1.900000000000000000e+01 8.000000000000000000e+01
2.777071823204419729e+02 3.000000000000000000e+01 2.000000000000000000e+01 8.100000000000000000e+01
2.777900552486187848e+02 3.000000000000000000e+01 2.100000000000000000e+01 8.300000000000000000e+01
2.778729281767955968e+02 3.000000000000000000e+01 2.300000000000000000e+01 8.500000000000000000e+01
2.779558011049723518e+02 3.000000000000000000e+01 2.400000000000000000e+01 8.700000000000000000e+01
2.780386740331491637e+02 3.000000000000000000e+01 2.500000000000000000e+01 8.900000000000000000e+01
2.781215469613259756e+02 3.000000000000000000e+01 2.700000000000000000e+01 9.100000000000000000e+01
2.782044198895027876e+02 3.000000000000000000e+01 2.800000000000000000e+01 9.300000000000000000e+01
2.782872928176795426e+02 3.000000000000000000e+01 2.900000000000000000e+01 9.500000000000000000e+01
2.783701657458563545e+02 3.000000000000000000e+01 3.100000000000000000e+01 9.700000000000000000e+01
2.784530386740331664e+02 3.000000000000000000e+01 3.300000000000000000e+01 9.900000000000000000e+01
2.785359116022099215e+02 3.000000000000000000e+01 3.400000000000000000e+01 1.010000000000000000e+02
2.786187845303867334e+02 3.100000000000000000e+01 3.500000000000000000e+01 1.030000000000000000e+02
2.787016574585635453e+02 3.100000000000000000e+01 3.700000000000000000e+01 1.050000000000000000e+02
2.787845303867403572e+02 3.100000000000000000e+01 3.800000000000000000e+01 1.070000000000000000e+02
2.788674033149171123e+02 3.100000000000000000e+01 3.900000000000000000e+01 1.080000000000000000e+02
2.789502762430939242e+02 3.100000000000000000e+01 3.900000000000000000e+01 1.080000000000000000e+02
2.790331491712707361e+02 3.100000000000000000e+01 4.000000000000000000e+01 1.100000000000000000e+02
2.791160220994474912e+02 3.100000000000000000e+01 4.200000000000000000e+01 1.120000000000000000e+02
2.791988950276243031e+02 3.100000000000000000e+01 4.300000000000000000e+01 1.140000000000000000e+02
2.792817679558011150e+02 3.100000000000000000e+01 4.500000000000000000e+01 1.160000000000000000e+02
2.793646408839779269e+02 3.100000000000000000e+01 4.600000000000000000e+01 1.180000000000000000e+02
2.794475138121546820e+02 3.100000000000000000e+01 4.700000000000000000e+01 1.200000000000000000e+02
2.795303867403314939e+02 3.100000000000000000e+01 4.900000000000000000e+01 1.220000000000000000e+02
2.796132596685083058e+02 3.100000000000000000e+01 5.000000000000000000e+01 1.240000000000000000e+02
2.796961325966850609e+02 3.100000000000000000e+01 5.200000000000000000e+01 1.260000000000000000e+02
2.797790055248618728e+02 3.100000000000000000e+01 5.300000000000000000e+01 1.280000000000000000e+02
2.798618784530386847e+02 3.100000000000000000e+01 5.500000000000000000e+01 1.300000000000000000e+02
2.799447513812154966e+02 3.100000000000000000e+01 5.600000000000000000e+01 1.320000000000000000e+02
2.800276243093922517e+02 3.200000000000000000e+01 5.700000000000000000e+01 1.330000000000000000e+02
2.801104972375690636e+02 3.200000000000000000e+01 5.900000000000000000e+01 1.360000000000000000e+02
2.801933701657458755e+02 3.200000000000000000e+01 6.000000000000000000e+01 1.370000000000000000e+02
2.802762430939226306e+02 3.200000000000000000e+01 6.100000000000000000e+01 1.390000000000000000e+02
2.803591160220994425e+02 3.200000000000000000e+01 6.300000000000000000e+01 1.410000000000000000e+02
2.804419889502762544e+02 3.200000000000000000e+01 6.400000000000000000e+01 1.420000000000000000e+02
2.805248618784530663e+02 3.200000000000000000e+01 6.400000000000000000e+01 1.420000000000000000e+02
2.806077348066298214e+02 3.200000000000000000e+01 6.500000000000000000e+01 1.440000000000000000e+02
2.806906077348066333e+02 3.200000000000000000e+01 6.700000000000000000e+01 1.460000000000000000e+02
2.807734806629834452e+02 3.200000000000000000e+01 6.800000000000000000e+01 1.480000000000000000e+02
2.808563535911602003e+02 3.200000000000000000e+01 6.900000000000000000e+01 1.500000000000000000e+02
2.809392265193370122e+02 3.200000000000000000e+01 7.100000000000000000e+01 1.520000000000000000e+02
2.810220994475138241e+02 3.300000000000000000e+01 7.300000000000000000e+01 1.550000000000000000e+02
2.811049723756906360e+02 3.300000000000000000e+01 7.400000000000000000e+01 1.570000000000000000e+02
2.811878453038673911e+02 3.300000000000000000e+01 7.600000000000000000e+01 1.590000000000000000e+02
2.812707182320442030e+02 3.300000000000000000e+01 7.800000000000000000e+01 1.610000000000000000e+02
2.813535911602210149e+02 3.300000000000000000e+01 7.900000000000000000e+01 1.620000000000000000e+02
2.814364640883977700e+02 3.300000000000000000e+01 8.100000000000000000e+01 1.640000000000000000e+02
2.815193370165745819e+02 3.300000000000000000e+01 8.300000000000000000e+01 1.660000000000000000e+02
2.816022099447513938e+02 3.400000000000000000e+01 8.500000000000000000e+01 1.680000000000000000e+02
2.816850828729282057e+02 3.400000000000000000e+01 8.700000000000000000e+01 1.700000000000000000e+02
2.817679558011049608e+02 3.400000000000000000e+01 8.900000000000000000e+01 1.720000000000000000e+02
2.818508287292817727e+02 3.500000000000000000e+01 9.000000000000000000e+01 1.730000000000000000e+02
2.819337016574585846e+02 3.500000000000000000e+01 9.000000000000000000e+01 1.730000000000000000e+02
2.820165745856353396e+02 3.500000000000000000e+01 9.200000000000000000e+01 1.750000000000000000e+02
2.820994475138121516e+02 3.500000000000000000e+01 9.400000000000000000e+01 1.770000000000000000e+02
2.821823204419889635e+02 3.600000000000000000e+01 9.600000000000000000e+01 1.790000000000000000e+02
2.822651933701657185e+02 3.600000000000000000e+01 9.900000000000000000e+01 1.810000000000000000e+02
2.823480662983425304e+02 3.600000000000000000e+01 1.010000000000000000e+02 1.830000000000000000e+02
2.824309392265193424e+02 3.700000000000000000e+01 1.030000000000000000e+02 1.850000000000000000e+02
2.825138121546961543e+02 3.700000000000000000e+01 1.040000000000000000e+02 1.860000000000000000e+02
2.825966850828729093e+02 3.700000000000000000e+01 1.070000000000000000e+02 1.870000000000000000e+02
2.826795580110497212e+02 3.700000000000000000e+01 1.090000000000000000e+02 1.890000000000000000e+02
2.827624309392265332e+02 3.800000000000000000e+01 1.110000000000000000e+02 1.920000000000000000e+02
2.828453038674032882e+02 3.800000000000000000e+01 1.140000000000000000e+02 1.940000000000000000e+02
2.829281767955801001e+02 3.800000000000000000e+01 1.160000000000000000e+02 1.960000000000000000e+02
2.830110497237569120e+02 3.900000000000000000e+01 1.180000000000000000e+02 1.980000000000000000e+02
2.830939226519337240e+02 4.000000000000000000e+01 1.200000000000000000e+02 2.000000000000000000e+02
2.831767955801104790e+02 4.000000000000000000e+01 1.220000000000000000e+02 2.020000000000000000e+02
2.832596685082872909e+02 4.000000000000000000e+01 1.240000000000000000e+02 2.040000000000000000e+02
2.833425414364641028e+02 4.100000000000000000e+01 1.270000000000000000e+02 2.060000000000000000e+02
2.834254143646408579e+02 4.100000000000000000e+01 1.270000000000000000e+02 2.060000000000000000e+02
2.835082872928176698e+02 4.100000000000000000e+01 1.280000000000000000e+02 2.070000000000000000e+02
2.835911602209944817e+02 4.100000000000000000e+01 1.300000000000000000e+02 2.090000000000000000e+02
2.836740331491712936e+02 4.100000000000000000e+01 1.320000000000000000e+02 2.110000000000000000e+02
2.837569060773480487e+02 4.200000000000000000e+01 1.330000000000000000e+02 2.120000000000000000e+02
2.838397790055248606e+02 4.200000000000000000e+01 1.350000000000000000e+02 2.140000000000000000e+02
2.839226519337016725e+02 4.200000000000000000e+01 1.370000000000000000e+02 2.160000000000000000e+02
2.840055248618784276e+02 4.200000000000000000e+01 1.390000000000000000e+02 2.180000000000000000e+02
2.840883977900552395e+02 4.200000000000000000e+01 1.410000000000000000e+02 2.200000000000000000e+02
2.841712707182320514e+02 4.300000000000000000e+01 1.440000000000000000e+02 2.220000000000000000e+02
2.842541436464088633e+02 4.300000000000000000e+01 1.460000000000000000e+02 2.240000000000000000e+02
2.843370165745856184e+02 4.300000000000000000e+01 1.480000000000000000e+02 2.260000000000000000e+02
2.844198895027624303e+02 4.400000000000000000e+01 1.500000000000000000e+02 2.280000000000000000e+02
2.845027624309392422e+02 4.400000000000000000e+01 1.520000000000000000e+02 2.300000000000000000e+02
2.845856353591159973e+02 4.400000000000000000e+01 1.550000000000000000e+02 2.320000000000000000e+02
2.846685082872928092e+02 4.500000000000000000e+01 1.570000000000000000e+02 2.340000000000000000e+02
2.847513812154696211e+02 4.600000000000000000e+01 1.590000000000000000e+02 2.360000000000000000e+02
2.848342541436464330e+02 4.600000000000000000e+01 1.610000000000000000e+02 2.380000000000000000e+02
2.849171270718231881e+02 4.600000000000000000e+01 1.630000000000000000e+02 2.390000000000000000e+02
2.850000000000000000e+02 4.600000000000000000e+01 1.630000000000000000e+02 2.390000000000000000e+02
2.850828729281768119e+02 4.600000000000000000e+01 1.640000000000000000e+02 2.400000000000000000e+02
2.851657458563535670e+02 4.700000000000000000e+01 1.670000000000000000e+02 2.420000000000000000e+02
2.852486187845303789e+02 4.700000000000000000e+01 1.690000000000000000e+02 2.440000000000000000e+02
2.853314917127071908e+02 4.800000000000000000e+01 1.710000000000000000e+02 2.440000000000000000e+02
2.854143646408840027e+02 4.700000000000000000e+01 1.720000000000000000e+02 2.430000000000000000e+02
2.854972375690607578e+02 4.700000000000000000e+01 1.720000000000000000e+02 2.400000000000000000e+02
2.855801104972375697e+02 4.600000000000000000e+01 1.730000000000000000e+02 2.360000000000000000e+02
2.856629834254143816e+02 4.500000000000000000e+01 1.740000000000000000e+02 2.300000000000000000e+02
2.857458563535911367e+02 4.500000000000000000e+01 1.740000000000000000e+02 2.240000000000000000e+02
2.858287292817679486e+02 4.400000000000000000e+01 1.730000000000000000e+02 2.150000000000000000e+02
2.859116022099447605e+02 4.200000000000000000e+01 1.720000000000000000e+02 2.060000000000000000e+02
2.859944751381215724e+02 4.100000000000000000e+01 1.710000000000000000e+02 1.960000000000000000e+02
2.860773480662983275e+02 4.000000000000000000e+01 1.700000000000000000e+02 1.840000000000000000e+02
2.861602209944751394e+02 3.900000000000000000e+01 1.680000000000000000e+02 1.710000000000000000e+02
2.862430939226519513e+02 3.700000000000000000e+01 1.660000000000000000e+02 1.590000000000000000e+02
2.863259668508287064e+02 3.600000000000000000e+01 1.650000000000000000e+02 1.470000000000000000e+02
2.864088397790055183e+02 3.500000000000000000e+01 1.640000000000000000e+02 1.340000000000000000e+02
2.864917127071823302e+02 3.500000000000000000e+01 1.640000000000000000e+02 1.330000000000000000e+02
2.865745856353591421e+02 3.400000000000000000e+01 1.630000000000000000e+02 1.290000000000000000e+02
2.866574585635358972e+02 3.200000000000000000e+01 1.630000000000000000e+02 1.150000000000000000e+02
2.867403314917127091e+02 3.100000000000000000e+01 1.630000000000000000e+02 1.030000000000000000e+02
2.868232044198895210e+02 2.900000000000000000e+01 1.630000000000000000e+02 9.000000000000000000e+01
2.869060773480662760e+02 2.700000000000000000e+01 1.640000000000000000e+02 7.700000000000000000e+01
2.869889502762430880e+02 2.600000000000000000e+01 1.650000000000000000e+02 6.300000000000000000e+01
2.870718232044198999e+02 2.500000000000000000e+01 1.670000000000000000e+02 5.200000000000000000e+01
2.871546961325966549e+02 2.500000000000000000e+01 1.690000000000000000e+02 4.200000000000000000e+01
2.872375690607734668e+02 2.600000000000000000e+01 1.710000000000000000e+02 3.100000000000000000e+01
2.873204419889502788e+02 2.800000000000000000e+01 1.750000000000000000e+02 2.300000000000000000e+01
2.874033149171270907e+02 3.000000000000000000e+01 1.770000000000000000e+02 1.600000000000000000e+01
2.874861878453038457e+02 3.300000000000000000e+01 1.800000000000000000e+02 1.000000000000000000e+01
2.875690607734806576e+02 3.700000000000000000e+01 1.820000000000000000e+02 6.000000000000000000e+00
2.876519337016574696e+02 4.100000000000000000e+01 1.850000000000000000e+02 3.000000000000000000e+00
2.877348066298342246e+02 4.600000000000000000e+01 1.870000000000000000e+02 0.000000000000000000e+00
2.878176795580110365e+02 5.300000000000000000e+01 1.890000000000000000e+02 0.000000000000000000e+00
2.879005524861878484e+02 5.500000000000000000e+01 1.900000000000000000e+02 0.000000000000000000e+00
2.879834254143646604e+02 5.600000000000000000e+01 1.900000000000000000e+02 0.000000000000000000e+00
2.880662983425414154e+02 6.300000000000000000e+01 1.930000000000000000e+02 0.000000000000000000e+00
2.881491712707182273e+02 7.000000000000000000e+01 1.950000000000000000e+02 0.000000000000000000e+00
2.882320441988950392e+02 7.600000000000000000e+01 1.970000000000000000e+02 0.000000000000000000e+00
2.883149171270717943e+02 8.400000000000000000e+01 2.000000000000000000e+02 0.000000000000000000e+00
2.883977900552486062e+02 9.100000000000000000e+01 2.020000000000000000e+02 0.000000000000000000e+00
2.884806629834254181e+02 9.800000000000000000e+01 2.040000000000000000e+02 0.000000000000000000e+00
2.885635359116022300e+02 1.040000000000000000e+02 2.050000000000000000e+02 0.000000000000000000e+00
2.886464088397789851e+02 1.120000000000000000e+02 2.080000000000000000e+02 0.000000000000000000e+00
2.887292817679557970e+02 1.190000000000000000e+02 2.100000000000000000e+02 0.000000000000000000e+00
2.888121546961326089e+02 1.260000000000000000e+02 2.130000000000000000e+02 0.000000000000000000e+00
2.888950276243093640e+02 1.330000000000000000e+02 2.150000000000000000e+02 0.000000000000000000e+00
2.889779005524861759e+02 1.400000000000000000e+02 2.170000000000000000e+02 0.000000000000000000e+00
2.890607734806629878e+02 1.470000000000000000e+02 2.200000000000000000e+02 0.000000000000000000e+00
2.891436464088397997e+02 1.550000000000000000e+02 2.220000000000000000e+02 0.000000000000000000e+00
2.892265193370165548e+02 1.620000000000000000e+02 2.240000000000000000e+02 0.000000000000000000e+00
2.893093922651933667e+02 1.690000000000000000e+02 2.260000000000000000e+02 0.000000000000000000e+00
2.893922651933701786e+02 1.760000000000000000e+02 2.290000000000000000e+02 0.000000000000000000e+00
2.894751381215469337e+02 1.760000000000000000e+02 2.290000000000000000e+02 0.000000000000000000e+00
2.895580110497237456e+02 1.800000000000000000e+02 2.300000000000000000e+02 0.000000000000000000e+00
2.896408839779005575e+02 1.870000000000000000e+02 2.320000000000000000e+02 0.000000000000000000e+00
2.897237569060773694e+02 1.930000000000000000e+02 2.340000000000000000e+02 0.000000000000000000e+00
2.898066298342541245e+02 2.000000000000000000e+02 2.360000000000000000e+02 0.000000000000000000e+00
2.898895027624309364e+02 2.070000000000000000e+02 2.380000000000000000e+02 0.000000000000000000e+00
2.899723756906077483e+02 2.140000000000000000e+02 2.410000000000000000e+02 0.000000000000000000e+00
2.900552486187845034e+02 2.210000000000000000e+02 2.430000000000000000e+02 0.000000000000000000e+00
2.901381215469613153e+02 2.270000000000000000e+02 2.450000000000000000e+02 0.000000000000000000e+00
2.902209944751381272e+02 2.330000000000000000e+02 2.460000000000000000e+02 0.000000000000000000e+00
2.903038674033149391e+02 2.380000000000000000e+02 2.470000000000000000e+02 0.000000000000000000e+00
2.903867403314916942e+02 2.410000000000000000e+02 2.470000000000000000e+02 0.000000000000000000e+00
2.904696132596685061e+02 2.450000000000000000e+02 2.460000000000000000e+02 0.000000000000000000e+00
2.905524861878453180e+02 2.480000000000000000e+02 2.440000000000000000e+02 0.000000000000000000e+00
2.906353591160220731e+02 2.510000000000000000e+02 2.430000000000000000e+02 0.000000000000000000e+00
2.907182320441988850e+02 2.520000000000000000e+02 2.410000000000000000e+02 0.000000000000000000e+00
2.908011049723756969e+02 2.540000000000000000e+02 2.380000000000000000e+02 0.000000000000000000e+00
2.908839779005525088e+02 2.540000000000000000e+02 2.350000000000000000e+02 0.000000000000000000e+00
2.909668508287292639e+02 2.550000000000000000e+02 2.340000000000000000e+02 0.000000000000000000e+00
2.910497237569060758e+02 2.550000000000000000e+02 2.340000000000000000e+02 0.000000000000000000e+00
2.911325966850828877e+02 2.550000000000000000e+02 2.300000000000000000e+02 0.000000000000000000e+00
2.912154696132596428e+02 2.550000000000000000e+02 2.260000000000000000e+02 0.000000000000000000e+00
2.912983425414364547e+02 2.550000000000000000e+02 2.230000000000000000e+02 0.000000000000000000e+00
2.913812154696132666e+02 2.550000000000000000e+02 2.190000000000000000e+02 0.000000000000000000e+00
2.914640883977900785e+02 2.550000000000000000e+02 2.160000000000000000e+02 0.000000000000000000e+00
2.915469613259668336e+02 2.550000000000000000e+02 2.120000000000000000e+02 0.000000000000000000e+00
2.916298342541436455e+02 2.550000000000000000e+02 2.090000000000000000e+02 0.000000000000000000e+00
2.917127071823204574e+02 2.550000000000000000e+02 2.050000000000000000e+02 0.000000000000000000e+00
2.917955801104972124e+02 2.550000000000000000e+02 2.020000000000000000e+02 0.000000000000000000e+00
2.918784530386740244e+02 2.550000000000000000e+02 1.980000000000000000e+02 0.000000000000000000e+00
2.919613259668508363e+02 2.550000000000000000e+02 1.950000000000000000e+02 0.000000000000000000e+00
2.920441988950276482e+02 2.550000000000000000e+02 1.920000000000000000e+02 0.000000000000000000e+00
2.921270718232044032e+02 2.550000000000000000e+02 1.890000000000000000e+02 0.000000000000000000e+00
2.922099447513812152e+02 2.550000000000000000e+02 1.850000000000000000e+02 0.000000000000000000e+00
2.922928176795580271e+02 2.550000000000000000e+02 1.810000000000000000e+02 0.000000000000000000e+00
2.923756906077347821e+02 2.550000000000000000e+02 1.780000000000000000e+02 0.000000000000000000e+00
2.924585635359115940e+02 2.550000000000000000e+02 1.750000000000000000e+02 0.000000000000000000e+00
2.925414364640884060e+02 2.550000000000000000e+02 1.750000000000000000e+02 0.000000000000000000e+00
2.926243093922652179e+02 2.550000000000000000e+02 1.740000000000000000e+02 0.000000000000000000e+00
2.927071823204419729e+02 2.550000000000000000e+02 1.700000000000000000e+02 0.000000000000000000e+00
2.927900552486187848e+02 2.550000000000000000e+02 1.670000000000000000e+02 0.000000000000000000e+00
2.928729281767955968e+02 2.550000000000000000e+02 1.630000000000000000e+02 0.000000000000000000e+00
2.929558011049723518e+02 2.550000000000000000e+02 1.600000000000000000e+02 0.000000000000000000e+00
2.930386740331491637e+02 2.550000000000000000e+02 1.560000000000000000e+02 0.000000000000000000e+00
2.931215469613259756e+02 2.550000000000000000e+02 1.520000000000000000e+02 0.000000000000000000e+00
2.932044198895027876e+02 2.550000000000000000e+02 1.490000000000000000e+02 0.000000000000000000e+00
2.932872928176795426e+02 2.550000000000000000e+02 1.450000000000000000e+02 0.000000000000000000e+00
2.933701657458563545e+02 2.550000000000000000e+02 1.420000000000000000e+02 0.000000000000000000e+00
2.934530386740331664e+02 2.550000000000000000e+02 1.380000000000000000e+02 0.000000000000000000e+00
2.935359116022099215e+02 2.550000000000000000e+02 1.350000000000000000e+02 0.000000000000000000e+00
2.936187845303867334e+02 2.550000000000000000e+02 1.310000000000000000e+02 0.000000000000000000e+00
2.937016574585635453e+02 2.540000000000000000e+02 1.280000000000000000e+02 0.000000000000000000e+00
2.937845303867403572e+02 2.530000000000000000e+02 1.250000000000000000e+02 0.000000000000000000e+00
2.938674033149171123e+02 2.530000000000000000e+02 1.220000000000000000e+02 0.000000000000000000e+00
2.939502762430939242e+02 2.530000000000000000e+02 1.220000000000000000e+02 0.000000000000000000e+00
2.940331491712707361e+02 2.520000000000000000e+02 1.210000000000000000e+02 0.000000000000000000e+00
2.941160220994474912e+02 2.520000000000000000e+02 1.170000000000000000e+02 0.000000000000000000e+00
2.941988950276243031e+02 2.510000000000000000e+02 1.150000000000000000e+02 0.000000000000000000e+00
2.942817679558011150e+02 2.500000000000000000e+02 1.120000000000000000e+02 0.000000000000000000e+00
2.943646408839779269e+02 2.500000000000000000e+02 1.100000000000000000e+02 0.000000000000000000e+00
2.944475138121546820e+02 2.490000000000000000e+02 1.070000000000000000e+02 0.000000000000000000e+00
2.945303867403314939e+02 2.480000000000000000e+02 1.060000000000000000e+02 0.000000000000000000e+00
2.946132596685083058e+02 2.460000000000000000e+02 1.030000000000000000e+02 0.000000000000000000e+00
2.946961325966850609e+02 2.450000000000000000e+02 1.000000000000000000e+02 0.000000000000000000e+00
2.947790055248618728e+02 2.440000000000000000e+02 9.800000000000000000e+01 0.000000000000000000e+00
2.948618784530386847e+02 2.420000000000000000e+02 9.600000000000000000e+01 0.000000000000000000e+00
2.949447513812154966e+02 2.410000000000000000e+02 9.400000000000000000e+01 0.000000000000000000e+00
2.950276243093922517e+02 2.400000000000000000e+02 9.100000000000000000e+01 0.000000000000000000e+00
2.951104972375690636e+02 2.390000000000000000e+02 8.900000000000000000e+01 0.000000000000000000e+00
2.951933701657458755e+02 2.370000000000000000e+02 8.600000000000000000e+01 0.000000000000000000e+00
2.952762430939226306e+02 2.360000000000000000e+02 8.300000000000000000e+01 0.000000000000000000e+00
2.953591160220994425e+02 2.350000000000000000e+02 8.100000000000000000e+01 0.000000000000000000e+00
2.954419889502762544e+02 2.340000000000000000e+02 8.000000000000000000e+01 0.000000000000000000e+00
2.955248618784530663e+02 2.340000000000000000e+02 8.000000000000000000e+01 0.000000000000000000e+00
2.956077348066298214e+02 2.330000000000000000e+02 7.800000000000000000e+01 0.000000000000000000e+00
2.956906077348066333e+02 2.320000000000000000e+02 7.600000000000000000e+01 0.000000000000000000e+00
2.957734806629834452e+02 2.300000000000000000e+02 7.300000000000000000e+01 0.000000000000000000e+00
2.958563535911602003e+02 2.290000000000000000e+02 7.100000000000000000e+01 0.000000000000000000e+00
2.959392265193370122e+02 2.280000000000000000e+02 6.900000000000000000e+01 0.000000000000000000e+00
2.960220994475138241e+02 2.260000000000000000e+02 6.700000000000000000e+01 0.000000000000000000e+00
2.961049723756906360e+02 2.250000000000000000e+02 6.500000000000000000e+01 0.000000000000000000e+00
2.961878453038673911e+02 2.240000000000000000e+02 6.200000000000000000e+01 0.000000000000000000e+00
2.962707182320442030e+02 2.230000000000000000e+02 6.000000000000000000e+01 0.000000000000000000e+00
2.963535911602210149e+02 2.210000000000000000e+02 5.800000000000000000e+01 0.000000000000000000e+00
2.964364640883977700e+02 2.200000000000000000e+02 5.500000000000000000e+01 0.000000000000000000e+00
2.965193370165745819e+02 2.190000000000000000e+02 5.300000000000000000e+01 0.000000000000000000e+00
2.966022099447513938e+02 2.170000000000000000e+02 5.000000000000000000e+01 0.000000000000000000e+00
2.966850828729282057e+02 2.160000000000000000e+02 4.800000000000000000e+01 0.000000000000000000e+00
2.967679558011049608e+02 2.140000000000000000e+02 4.600000000000000000e+01 0.000000000000000000e+00
2.968508287292817727e+02 2.120000000000000000e+02 4.400000000000000000e+01 0.000000000000000000e+00
2.969337016574585846e+02 2.100000000000000000e+02 4.200000000000000000e+01 0.000000000000000000e+00
2.970165745856353396e+02 2.100000000000000000e+02 4.200000000000000000e+01 0.000000000000000000e+00
2.970994475138121516e+02 2.100000000000000000e+02 4.200000000000000000e+01 0.000000000000000000e+00
2.971823204419889635e+02 2.070000000000000000e+02 4.000000000000000000e+01 0.000000000000000000e+00
2.972651933701657754e+02 2.050000000000000000e+02 3.800000000000000000e+01 0.000000000000000000e+00
2.973480662983425304e+02 2.020000000000000000e+02 3.700000000000000000e+01 0.000000000000000000e+00
2.974309392265193424e+02 1.990000000000000000e+02 3.500000000000000000e+01 0.000000000000000000e+00
2.975138121546961543e+02 1.960000000000000000e+02 3.300000000000000000e+01 0.000000000000000000e+00
2.975966850828729093e+02 1.920000000000000000e+02 3.200000000000000000e+01 0.000000000000000000e+00
2.976795580110497212e+02 1.890000000000000000e+02 3.100000000000000000e+01 0.000000000000000000e+00
2.977624309392265332e+02 1.860000000000000000e+02 3.000000000000000000e+01 0.000000000000000000e+00
2.978453038674033451e+02 1.820000000000000000e+02 2.900000000000000000e+01 0.000000000000000000e+00
2.979281767955801001e+02 1.780000000000000000e+02 2.800000000000000000e+01 0.000000000000000000e+00
2.980110497237569120e+02 1.750000000000000000e+02 2.600000000000000000e+01 0.000000000000000000e+00
2.980939226519337240e+02 1.720000000000000000e+02 2.500000000000000000e+01 0.000000000000000000e+00
2.981767955801104790e+02 1.690000000000000000e+02 2.400000000000000000e+01 0.000000000000000000e+00
2.982596685082872909e+02 1.660000000000000000e+02 2.300000000000000000e+01 0.000000000000000000e+00
2.983425414364641028e+02 1.620000000000000000e+02 2.100000000000000000e+01 0.000000000000000000e+00
2.984254143646408579e+02 1.590000000000000000e+02 2.000000000000000000e+01 0.000000000000000000e+00
2.985082872928176698e+02 1.560000000000000000e+02 2.000000000000000000e+01 0.000000000000000000e+00
2.985911602209944817e+02 1.560000000000000000e+02 2.000000000000000000e+01 0.000000000000000000e+00
2.986740331491712936e+02 1.550000000000000000e+02 1.900000000000000000e+01 0.000000000000000000e+00
2.987569060773480487e+02 1.510000000000000000e+02 1.800000000000000000e+01 0.000000000000000000e+00
2.988397790055248606e+02 1.480000000000000000e+02 1.700000000000000000e+01 0.000000000000000000e+00
2.989226519337016725e+02 1.440000000000000000e+02 1.500000000000000000e+01 0.000000000000000000e+00
2.990055248618784276e+02 1.410000000000000000e+02 1.400000000000000000e+01 0.000000000000000000e+00
2.990883977900552395e+02 1.370000000000000000e+02 1.300000000000000000e+01 0.000000000000000000e+00
2.991712707182320514e+02 1.340000000000000000e+02 1.100000000000000000e+01 0.000000000000000000e+00
2.992541436464088633e+02 1.310000000000000000e+02 1.000000000000000000e+01 0.000000000000000000e+00
2.993370165745856184e+02 1.270000000000000000e+02 9.000000000000000000e+00 0.000000000000000000e+00
2.994198895027624303e+02 1.240000000000000000e+02 8.000000000000000000e+00 0.000000000000000000e+00
2.995027624309392422e+02 1.210000000000000000e+02 7.000000000000000000e+00 0.000000000000000000e+00
2.995856353591159973e+02 1.180000000000000000e+02 6.000000000000000000e+00 0.000000000000000000e+00
2.996685082872928092e+02 1.150000000000000000e+02 5.000000000000000000e+00 0.000000000000000000e+00
2.997513812154696211e+02 1.120000000000000000e+02 3.000000000000000000e+00 0.000000000000000000e+00
2.998342541436464330e+02 1.090000000000000000e+02 2.000000000000000000e+00 0.000000000000000000e+00
2.999171270718231881e+02 1.070000000000000000e+02 2.000000000000000000e+00 0.000000000000000000e+00
