2.800000000000000000e+02 4.300000000000000000e+01 0.000000000000000000e+00 2.600000000000000000e+01
2.800276243093922517e+02 4.500000000000000000e+01 0.000000000000000000e+00 2.800000000000000000e+01
2.800552486187845034e+02 4.700000000000000000e+01 0.000000000000000000e+00 3.000000000000000000e+01
2.800828729281768119e+02 4.900000000000000000e+01 0.000000000000000000e+00 3.200000000000000000e+01
2.801104972375690636e+02 5.100000000000000000e+01 0.000000000000000000e+00 3.400000000000000000e+01
2.801381215469613153e+02 5.200000000000000000e+01 0.000000000000000000e+00 3.500000000000000000e+01
2.801657458563535670e+02 5.300000000000000000e+01 0.000000000000000000e+00 3.600000000000000000e+01
2.801933701657458755e+02 5.500000000000000000e+01 0.000000000000000000e+00 3.800000000000000000e+01
2.802209944751381272e+02 5.700000000000000000e+01 0.000000000000000000e+00 4.100000000000000000e+01
2.802486187845303789e+02 6.000000000000000000e+01 0.000000000000000000e+00 4.300000000000000000e+01
2.802762430939226306e+02 6.200000000000000000e+01 0.000000000000000000e+00 4.500000000000000000e+01
2.803038674033149391e+02 6.400000000000000000e+01 1.000000000000000000e+00 4.800000000000000000e+01
2.803314917127071908e+02 6.600000000000000000e+01 1.000000000000000000e+00 5.000000000000000000e+01
2.803591160220994425e+02 6.800000000000000000e+01 1.000000000000000000e+00 5.200000000000000000e+01
2.803867403314916942e+02 7.000000000000000000e+01 1.000000000000000000e+00 5.400000000000000000e+01
2.804143646408840027e+02 7.200000000000000000e+01 1.000000000000000000e+00 5.700000000000000000e+01
2.804419889502762544e+02 7.200000000000000000e+01 1.000000000000000000e+00 5.700000000000000000e+01
2.804696132596685061e+02 7.300000000000000000e+01 1.000000000000000000e+00 5.800000000000000000e+01
2.804972375690607578e+02 7.500000000000000000e+01 2.000000000000000000e+00 6.100000000000000000e+01
2.805248618784530663e+02 7.700000000000000000e+01 2.000000000000000000e+00 6.300000000000000000e+01
2.805524861878453180e+02 7.800000000000000000e+01 2.000000000000000000e+00 6.600000000000000000e+01
2.805801104972375697e+02 8.000000000000000000e+01 2.000000000000000000e+00 6.800000000000000000e+01
2.806077348066298214e+02 8.300000000000000000e+01 2.000000000000000000e+00 7.100000000000000000e+01
2.806353591160220731e+02 8.500000000000000000e+01 2.000000000000000000e+00 7.400000000000000000e+01
2.806629834254143816e+02 8.700000000000000000e+01 2.000000000000000000e+00 7.600000000000000000e+01
2.806906077348066333e+02 8.900000000000000000e+01 2.000000000000000000e+00 7.900000000000000000e+01
2.807182320441988850e+02 9.100000000000000000e+01 3.000000000000000000e+00 8.100000000000000000e+01
2.807458563535911367e+02 9.400000000000000000e+01 3.000000000000000000e+00 8.400000000000000000e+01
2.807734806629834452e+02 9.600000000000000000e+01 3.000000000000000000e+00 8.600000000000000000e+01
2.808011049723756969e+02 9.800000000000000000e+01 3.000000000000000000e+00 8.900000000000000000e+01
2.808287292817679486e+02 1.000000000000000000e+02 3.000000000000000000e+00 9.200000000000000000e+01
2.808563535911602003e+02 1.020000000000000000e+02 3.000000000000000000e+00 9.400000000000000000e+01
2.808839779005525088e+02 1.050000000000000000e+02 4.000000000000000000e+00 9.700000000000000000e+01
2.809116022099447605e+02 1.070000000000000000e+02 4.000000000000000000e+00 1.000000000000000000e+02
2.809392265193370122e+02 1.080000000000000000e+02 4.000000000000000000e+00 1.020000000000000000e+02
2.809668508287292639e+02 1.080000000000000000e+02 4.000000000000000000e+00 1.020000000000000000e+02
2.809944751381215724e+02 1.100000000000000000e+02 4.000000000000000000e+00 1.040000000000000000e+02
2.810220994475138241e+02 1.120000000000000000e+02 5.000000000000000000e+00 1.070000000000000000e+02
2.810497237569060758e+02 1.140000000000000000e+02 5.000000000000000000e+00 1.090000000000000000e+02
2.810773480662983275e+02 1.160000000000000000e+02 5.000000000000000000e+00 1.110000000000000000e+02
2.811049723756906360e+02 1.180000000000000000e+02 6.000000000000000000e+00 1.130000000000000000e+02
2.811325966850828877e+02 1.190000000000000000e+02 6.000000000000000000e+00 1.140000000000000000e+02
2.811602209944751394e+02 1.200000000000000000e+02 6.000000000000000000e+00 1.160000000000000000e+02
2.811878453038673911e+02 1.210000000000000000e+02 6.000000000000000000e+00 1.170000000000000000e+02
2.812154696132596428e+02 1.210000000000000000e+02 6.000000000000000000e+00 1.180000000000000000e+02
2.812430939226519513e+02 1.210000000000000000e+02 6.000000000000000000e+00 1.190000000000000000e+02
2.812707182320442030e+02 1.200000000000000000e+02 6.000000000000000000e+00 1.190000000000000000e+02
2.812983425414364547e+02 1.200000000000000000e+02 6.000000000000000000e+00 1.190000000000000000e+02
2.813259668508287064e+02 1.190000000000000000e+02 7.000000000000000000e+00 1.180000000000000000e+02
2.813535911602210149e+02 1.170000000000000000e+02 7.000000000000000000e+00 1.170000000000000000e+02
2.813812154696132666e+02 1.150000000000000000e+02 7.000000000000000000e+00 1.160000000000000000e+02
2.814088397790055183e+02 1.130000000000000000e+02 7.000000000000000000e+00 1.150000000000000000e+02
2.814364640883977700e+02 1.110000000000000000e+02 7.000000000000000000e+00 1.140000000000000000e+02
2.814640883977900785e+02 1.110000000000000000e+02 7.000000000000000000e+00 1.140000000000000000e+02
2.814917127071823302e+02 1.100000000000000000e+02 7.000000000000000000e+00 1.130000000000000000e+02
2.815193370165745819e+02 1.070000000000000000e+02 7.000000000000000000e+00 1.120000000000000000e+02
2.815469613259668336e+02 1.050000000000000000e+02 8.000000000000000000e+00 1.110000000000000000e+02
2.815745856353591421e+02 1.020000000000000000e+02 8.000000000000000000e+00 1.090000000000000000e+02
2.816022099447513938e+02 9.900000000000000000e+01 8.000000000000000000e+00 1.080000000000000000e+02
2.816298342541436455e+02 9.600000000000000000e+01 8.000000000000000000e+00 1.060000000000000000e+02
2.816574585635358972e+02 9.300000000000000000e+01 8.000000000000000000e+00 1.040000000000000000e+02
2.816850828729281488e+02 9.100000000000000000e+01 8.000000000000000000e+00 1.030000000000000000e+02
2.817127071823204574e+02 8.800000000000000000e+01 9.000000000000000000e+00 1.020000000000000000e+02
2.817403314917127091e+02 8.600000000000000000e+01 9.000000000000000000e+00 1.010000000000000000e+02
2.817679558011049608e+02 8.200000000000000000e+01 9.000000000000000000e+00 9.900000000000000000e+01
2.817955801104972124e+02 7.900000000000000000e+01 9.000000000000000000e+00 9.800000000000000000e+01
2.818232044198895210e+02 7.700000000000000000e+01 9.000000000000000000e+00 9.700000000000000000e+01
2.818508287292817727e+02 7.400000000000000000e+01 9.000000000000000000e+00 9.500000000000000000e+01
2.818784530386740244e+02 7.200000000000000000e+01 1.000000000000000000e+01 9.300000000000000000e+01
2.819060773480662760e+02 6.900000000000000000e+01 1.000000000000000000e+01 9.200000000000000000e+01
2.819337016574585846e+02 6.900000000000000000e+01 1.000000000000000000e+01 9.200000000000000000e+01
2.819613259668508363e+02 6.800000000000000000e+01 1.000000000000000000e+01 9.100000000000000000e+01
2.819889502762430880e+02 6.500000000000000000e+01 1.000000000000000000e+01 9.000000000000000000e+01
2.820165745856353396e+02 6.300000000000000000e+01 1.000000000000000000e+01 8.900000000000000000e+01
2.820441988950276482e+02 6.000000000000000000e+01 1.000000000000000000e+01 8.700000000000000000e+01
2.820718232044198999e+02 5.800000000000000000e+01 1.000000000000000000e+01 8.600000000000000000e+01
2.820994475138121516e+02 5.500000000000000000e+01 1.000000000000000000e+01 8.500000000000000000e+01
2.821270718232044032e+02 5.300000000000000000e+01 1.100000000000000000e+01 8.400000000000000000e+01
2.821546961325967118e+02 4.900000000000000000e+01 1.100000000000000000e+01 8.200000000000000000e+01
2.821823204419889635e+02 4.600000000000000000e+01 1.100000000000000000e+01 8.000000000000000000e+01
2.822099447513812152e+02 4.400000000000000000e+01 1.100000000000000000e+01 7.900000000000000000e+01
2.822375690607734668e+02 4.100000000000000000e+01 1.100000000000000000e+01 7.700000000000000000e+01
2.822651933701657185e+02 3.900000000000000000e+01 1.100000000000000000e+01 7.600000000000000000e+01
2.822928176795580271e+02 3.700000000000000000e+01 1.100000000000000000e+01 7.600000000000000000e+01
2.823204419889502788e+02 3.500000000000000000e+01 1.200000000000000000e+01 7.500000000000000000e+01
2.823480662983425304e+02 3.300000000000000000e+01 1.300000000000000000e+01 7.500000000000000000e+01
2.823756906077347821e+02 3.200000000000000000e+01 1.300000000000000000e+01 7.500000000000000000e+01
2.824033149171270907e+02 3.100000000000000000e+01 1.400000000000000000e+01 7.500000000000000000e+01
2.824309392265193424e+02 3.000000000000000000e+01 1.600000000000000000e+01 7.700000000000000000e+01
2.824585635359115940e+02 3.000000000000000000e+01 1.600000000000000000e+01 7.700000000000000000e+01
2.824861878453038457e+02 3.000000000000000000e+01 1.600000000000000000e+01 7.700000000000000000e+01
2.825138121546961543e+02 3.000000000000000000e+01 1.800000000000000000e+01 7.800000000000000000e+01
2.825414364640884060e+02 3.000000000000000000e+01 1.900000000000000000e+01 8.000000000000000000e+01
2.825690607734806576e+02 3.000000000000000000e+01 2.000000000000000000e+01 8.100000000000000000e+01
2.825966850828729093e+02 3.000000000000000000e+01 2.100000000000000000e+01 8.300000000000000000e+01
2.826243093922652179e+02 3.000000000000000000e+01 2.300000000000000000e+01 8.500000000000000000e+01
2.826519337016574696e+02 3.000000000000000000e+01 2.400000000000000000e+01 8.700000000000000000e+01
2.826795580110497212e+02 3.000000000000000000e+01 2.500000000000000000e+01 8.900000000000000000e+01
2.827071823204419729e+02 3.000000000000000000e+01 2.700000000000000000e+01 9.100000000000000000e+01
2.827348066298342815e+02 3.000000000000000000e+01 2.800000000000000000e+01 9.300000000000000000e+01
2.827624309392265332e+02 3.000000000000000000e+01 2.900000000000000000e+01 9.500000000000000000e+01
2.827900552486187848e+02 3.000000000000000000e+01 3.100000000000000000e+01 9.700000000000000000e+01
2.828176795580110365e+02 3.000000000000000000e+01 3.300000000000000000e+01 9.900000000000000000e+01
2.828453038674032882e+02 3.000000000000000000e+01 3.400000000000000000e+01 1.010000000000000000e+02
2.828729281767955968e+02 3.100000000000000000e+01 3.500000000000000000e+01 1.030000000000000000e+02
2.829005524861878484e+02 3.100000000000000000e+01 3.700000000000000000e+01 1.050000000000000000e+02
2.829281767955801001e+02 3.100000000000000000e+01 3.800000000000000000e+01 1.070000000000000000e+02
2.829558011049723518e+02 3.100000000000000000e+01 3.900000000000000000e+01 1.080000000000000000e+02
2.829834254143646604e+02 3.100000000000000000e+01 3.900000000000000000e+01 1.080000000000000000e+02
2.830110497237569120e+02 3.100000000000000000e+01 4.000000000000000000e+01 1.100000000000000000e+02
2.830386740331491637e+02 3.100000000000000000e+01 4.200000000000000000e+01 1.120000000000000000e+02
2.830662983425414154e+02 3.100000000000000000e+01 4.300000000000000000e+01 1.140000000000000000e+02
2.830939226519337240e+02 3.100000000000000000e+01 4.500000000000000000e+01 1.160000000000000000e+02
2.831215469613259756e+02 3.100000000000000000e+01 4.600000000000000000e+01 1.180000000000000000e+02
2.831491712707182273e+02 3.100000000000000000e+01 4.700000000000000000e+01 1.200000000000000000e+02
2.831767955801104790e+02 3.100000000000000000e+01 4.900000000000000000e+01 1.220000000000000000e+02
2.832044198895027876e+02 3.100000000000000000e+01 5.000000000000000000e+01 1.240000000000000000e+02
2.832320441988950392e+02 3.100000000000000000e+01 5.200000000000000000e+01 1.260000000000000000e+02
2.832596685082872909e+02 3.100000000000000000e+01 5.300000000000000000e+01 1.280000000000000000e+02
2.832872928176795426e+02 3.100000000000000000e+01 5.500000000000000000e+01 1.300000000000000000e+02
2.833149171270718512e+02 3.100000000000000000e+01 5.600000000000000000e+01 1.320000000000000000e+02
2.833425414364641028e+02 3.200000000000000000e+01 5.700000000000000000e+01 1.330000000000000000e+02
2.833701657458563545e+02 3.200000000000000000e+01 5.900000000000000000e+01 1.360000000000000000e+02
2.833977900552486062e+02 3.200000000000000000e+01 6.000000000000000000e+01 1.370000000000000000e+02
2.834254143646408579e+02 3.200000000000000000e+01 6.100000000000000000e+01 1.390000000000000000e+02
2.834530386740331664e+02 3.200000000000000000e+01 6.300000000000000000e+01 1.410000000000000000e+02
2.834806629834254181e+02 3.200000000000000000e+01 6.400000000000000000e+01 1.420000000000000000e+02
2.835082872928176698e+02 3.200000000000000000e+01 6.400000000000000000e+01 1.420000000000000000e+02
2.835359116022099215e+02 3.200000000000000000e+01 6.500000000000000000e+01 1.440000000000000000e+02
2.835635359116022300e+02 3.200000000000000000e+01 6.700000000000000000e+01 1.460000000000000000e+02
2.835911602209944817e+02 3.200000000000000000e+01 6.800000000000000000e+01 1.480000000000000000e+02
2.836187845303867334e+02 3.200000000000000000e+01 6.900000000000000000e+01 1.500000000000000000e+02
2.836464088397789851e+02 3.200000000000000000e+01 7.100000000000000000e+01 1.520000000000000000e+02
2.836740331491712936e+02 3.300000000000000000e+01 7.300000000000000000e+01 1.550000000000000000e+02
2.837016574585635453e+02 3.300000000000000000e+01 7.400000000000000000e+01 1.570000000000000000e+02
2.837292817679557970e+02 3.300000000000000000e+01 7.600000000000000000e+01 1.590000000000000000e+02
2.837569060773480487e+02 3.300000000000000000e+01 7.800000000000000000e+01 1.610000000000000000e+02
2.837845303867403572e+02 3.300000000000000000e+01 7.900000000000000000e+01 1.620000000000000000e+02
2.838121546961326089e+02 3.300000000000000000e+01 8.100000000000000000e+01 1.640000000000000000e+02
2.838397790055248606e+02 3.300000000000000000e+01 8.300000000000000000e+01 1.660000000000000000e+02
2.838674033149171123e+02 3.400000000000000000e+01 8.500000000000000000e+01 1.680000000000000000e+02
2.838950276243093640e+02 3.400000000000000000e+01 8.700000000000000000e+01 1.700000000000000000e+02
2.839226519337016725e+02 3.400000000000000000e+01 8.900000000000000000e+01 1.720000000000000000e+02
2.839502762430939242e+02 3.500000000000000000e+01 9.000000000000000000e+01 1.730000000000000000e+02
2.839779005524861759e+02 3.500000000000000000e+01 9.000000000000000000e+01 1.730000000000000000e+02
2.840055248618784276e+02 3.500000000000000000e+01 9.200000000000000000e+01 1.750000000000000000e+02
2.840331491712707361e+02 3.500000000000000000e+01 9.400000000000000000e+01 1.770000000000000000e+02
2.840607734806629878e+02 3.600000000000000000e+01 9.600000000000000000e+01 1.790000000000000000e+02
2.840883977900552395e+02 3.600000000000000000e+01 9.900000000000000000e+01 1.810000000000000000e+02
2.841160220994474912e+02 3.600000000000000000e+01 1.010000000000000000e+02 1.830000000000000000e+02
2.841436464088397997e+02 3.700000000000000000e+01 1.030000000000000000e+02 1.850000000000000000e+02
2.841712707182320514e+02 3.700000000000000000e+01 1.040000000000000000e+02 1.860000000000000000e+02
2.841988950276243031e+02 3.700000000000000000e+01 1.070000000000000000e+02 1.870000000000000000e+02
2.842265193370165548e+02 3.700000000000000000e+01 1.090000000000000000e+02 1.890000000000000000e+02
2.842541436464088633e+02 3.800000000000000000e+01 1.110000000000000000e+02 1.920000000000000000e+02
2.842817679558011150e+02 3.800000000000000000e+01 1.140000000000000000e+02 1.940000000000000000e+02
2.843093922651933667e+02 3.800000000000000000e+01 1.160000000000000000e+02 1.960000000000000000e+02
2.843370165745856184e+02 3.900000000000000000e+01 1.180000000000000000e+02 1.980000000000000000e+02
2.843646408839779269e+02 4.000000000000000000e+01 1.200000000000000000e+02 2.000000000000000000e+02
2.843922651933701786e+02 4.000000000000000000e+01 1.220000000000000000e+02 2.020000000000000000e+02
2.844198895027624303e+02 4.000000000000000000e+01 1.240000000000000000e+02 2.040000000000000000e+02
2.844475138121546820e+02 4.100000000000000000e+01 1.270000000000000000e+02 2.060000000000000000e+02
2.844751381215469337e+02 4.100000000000000000e+01 1.270000000000000000e+02 2.060000000000000000e+02
2.845027624309392422e+02 4.100000000000000000e+01 1.280000000000000000e+02 2.070000000000000000e+02
2.845303867403314939e+02 4.100000000000000000e+01 1.300000000000000000e+02 2.090000000000000000e+02
2.845580110497237456e+02 4.100000000000000000e+01 1.320000000000000000e+02 2.110000000000000000e+02
2.845856353591159973e+02 4.200000000000000000e+01 1.330000000000000000e+02 2.120000000000000000e+02
2.846132596685083058e+02 4.200000000000000000e+01 1.350000000000000000e+02 2.140000000000000000e+02
2.846408839779005575e+02 4.200000000000000000e+01 1.370000000000000000e+02 2.160000000000000000e+02
2.846685082872928092e+02 4.200000000000000000e+01 1.390000000000000000e+02 2.180000000000000000e+02
2.846961325966850609e+02 4.200000000000000000e+01 1.410000000000000000e+02 2.200000000000000000e+02
2.847237569060773694e+02 4.300000000000000000e+01 1.440000000000000000e+02 2.220000000000000000e+02
2.847513812154696211e+02 4.300000000000000000e+01 1.460000000000000000e+02 2.240000000000000000e+02
2.847790055248618728e+02 4.300000000000000000e+01 1.480000000000000000e+02 2.260000000000000000e+02
2.848066298342541245e+02 4.400000000000000000e+01 1.500000000000000000e+02 2.280000000000000000e+02
2.848342541436464330e+02 4.400000000000000000e+01 1.520000000000000000e+02 2.300000000000000000e+02
2.848618784530386847e+02 4.400000000000000000e+01 1.550000000000000000e+02 2.320000000000000000e+02
2.848895027624309364e+02 4.500000000000000000e+01 1.570000000000000000e+02 2.340000000000000000e+02
2.849171270718231881e+02 4.600000000000000000e+01 1.590000000000000000e+02 2.360000000000000000e+02
2.849447513812154966e+02 4.600000000000000000e+01 1.610000000000000000e+02 2.380000000000000000e+02
2.849723756906077483e+02 4.600000000000000000e+01 1.630000000000000000e+02 2.390000000000000000e+02
2.850000000000000000e+02 4.600000000000000000e+01 1.630000000000000000e+02 2.390000000000000000e+02
2.850276243093922517e+02 4.600000000000000000e+01 1.640000000000000000e+02 2.400000000000000000e+02
2.850552486187845034e+02 4.700000000000000000e+01 1.670000000000000000e+02 2.420000000000000000e+02
2.850828729281768119e+02 4.700000000000000000e+01 1.690000000000000000e+02 2.440000000000000000e+02
2.851104972375690636e+02 4.800000000000000000e+01 1.710000000000000000e+02 2.440000000000000000e+02
2.851381215469613153e+02 4.700000000000000000e+01 1.720000000000000000e+02 2.430000000000000000e+02
2.851657458563535670e+02 4.700000000000000000e+01 1.720000000000000000e+02 2.400000000000000000e+02
2.851933701657458755e+02 4.600000000000000000e+01 1.730000000000000000e+02 2.360000000000000000e+02
2.852209944751381272e+02 4.500000000000000000e+01 1.740000000000000000e+02 2.300000000000000000e+02
2.852486187845303789e+02 4.500000000000000000e+01 1.740000000000000000e+02 2.240000000000000000e+02
2.852762430939226306e+02 4.400000000000000000e+01 1.730000000000000000e+02 2.150000000000000000e+02
2.853038674033149391e+02 4.200000000000000000e+01 1.720000000000000000e+02 2.060000000000000000e+02
2.853314917127071908e+02 4.100000000000000000e+01 1.710000000000000000e+02 1.960000000000000000e+02
2.853591160220994425e+02 4.000000000000000000e+01 1.700000000000000000e+02 1.840000000000000000e+02
2.853867403314916942e+02 3.900000000000000000e+01 1.680000000000000000e+02 1.710000000000000000e+02
2.854143646408840027e+02 3.700000000000000000e+01 1.660000000000000000e+02 1.590000000000000000e+02
2.854419889502762544e+02 3.600000000000000000e+01 1.650000000000000000e+02 1.470000000000000000e+02
2.854696132596685061e+02 3.500000000000000000e+01 1.640000000000000000e+02 1.340000000000000000e+02
2.854972375690607578e+02 3.500000000000000000e+01 1.640000000000000000e+02 1.330000000000000000e+02
2.855248618784530663e+02 3.400000000000000000e+01 1.630000000000000000e+02 1.290000000000000000e+02
2.855524861878453180e+02 3.200000000000000000e+01 1.630000000000000000e+02 1.150000000000000000e+02
2.855801104972375697e+02 3.100000000000000000e+01 1.630000000000000000e+02 1.030000000000000000e+02
2.856077348066298214e+02 2.900000000000000000e+01 1.630000000000000000e+02 9.000000000000000000e+01
2.856353591160220731e+02 2.700000000000000000e+01 1.640000000000000000e+02 7.700000000000000000e+01
2.856629834254143816e+02 2.600000000000000000e+01 1.650000000000000000e+02 6.300000000000000000e+01
2.856906077348066333e+02 2.500000000000000000e+01 1.670000000000000000e+02 5.200000000000000000e+01
2.857182320441988850e+02 2.500000000000000000e+01 1.690000000000000000e+02 4.200000000000000000e+01
2.857458563535911367e+02 2.600000000000000000e+01 1.710000000000000000e+02 3.100000000000000000e+01
2.857734806629834452e+02 2.800000000000000000e+01 1.750000000000000000e+02 2.300000000000000000e+01
2.858011049723756969e+02 3.000000000000000000e+01 1.770000000000000000e+02 1.600000000000000000e+01
2.858287292817679486e+02 3.300000000000000000e+01 1.800000000000000000e+02 1.000000000000000000e+01
2.858563535911602003e+02 3.700000000000000000e+01 1.820000000000000000e+02 6.000000000000000000e+00
2.858839779005525088e+02 4.100000000000000000e+01 1.850000000000000000e+02 3.000000000000000000e+00
2.859116022099447605e+02 4.600000000000000000e+01 1.870000000000000000e+02 0.000000000000000000e+00
2.859392265193370122e+02 5.300000000000000000e+01 1.890000000000000000e+02 0.000000000000000000e+00
2.859668508287292639e+02 5.500000000000000000e+01 1.900000000000000000e+02 0.000000000000000000e+00
2.859944751381215724e+02 5.600000000000000000e+01 1.900000000000000000e+02 0.000000000000000000e+00
2.860220994475138241e+02 6.300000000000000000e+01 1.930000000000000000e+02 0.000000000000000000e+00
2.860497237569060758e+02 7.000000000000000000e+01 1.950000000000000000e+02 0.000000000000000000e+00
2.860773480662983275e+02 7.600000000000000000e+01 1.970000000000000000e+02 0.000000000000000000e+00
2.861049723756906360e+02 8.400000000000000000e+01 2.000000000000000000e+02 0.000000000000000000e+00
2.861325966850828877e+02 9.100000000000000000e+01 2.020000000000000000e+02 0.000000000000000000e+00
2.861602209944751394e+02 9.800000000000000000e+01 2.040000000000000000e+02 0.000000000000000000e+00
2.861878453038673911e+02 1.040000000000000000e+02 2.050000000000000000e+02 0.000000000000000000e+00
2.862154696132596428e+02 1.120000000000000000e+02 2.080000000000000000e+02 0.000000000000000000e+00
2.862430939226519513e+02 1.190000000000000000e+02 2.100000000000000000e+02 0.000000000000000000e+00
2.862707182320442030e+02 1.260000000000000000e+02 2.130000000000000000e+02 0.000000000000000000e+00
2.862983425414364547e+02 1.330000000000000000e+02 2.150000000000000000e+02 0.000000000000000000e+00
2.863259668508287064e+02 1.400000000000000000e+02 2.170000000000000000e+02 0.000000000000000000e+00
2.863535911602210149e+02 1.470000000000000000e+02 2.200000000000000000e+02 0.000000000000000000e+00
2.863812154696132666e+02 1.550000000000000000e+02 2.220000000000000000e+02 0.000000000000000000e+00
2.864088397790055183e+02 1.620000000000000000e+02 2.240000000000000000e+02 0.000000000000000000e+00
2.864364640883977700e+02 1.690000000000000000e+02 2.260000000000000000e+02 0.000000000000000000e+00
2.864640883977900785e+02 1.760000000000000000e+02 2.290000000000000000e+02 0.000000000000000000e+00
2.864917127071823302e+02 1.760000000000000000e+02 2.290000000000000000e+02 0.000000000000000000e+00
2.865193370165745819e+02 1.800000000000000000e+02 2.300000000000000000e+02 0.000000000000000000e+00
2.865469613259668336e+02 1.870000000000000000e+02 2.320000000000000000e+02 0.000000000000000000e+00
2.865745856353591421e+02 1.930000000000000000e+02 2.340000000000000000e+02 0.000000000000000000e+00
2.866022099447513938e+02 2.000000000000000000e+02 2.360000000000000000e+02 0.000000000000000000e+00
2.866298342541436455e+02 2.070000000000000000e+02 2.380000000000000000e+02 0.000000000000000000e+00
2.866574585635358972e+02 2.140000000000000000e+02 2.410000000000000000e+02 0.000000000000000000e+00
2.866850828729281488e+02 2.210000000000000000e+02 2.430000000000000000e+02 0.000000000000000000e+00
2.867127071823204574e+02 2.270000000000000000e+02 2.450000000000000000e+02 0.000000000000000000e+00
2.867403314917127091e+02 2.330000000000000000e+02 2.460000000000000000e+02 0.000000000000000000e+00
2.867679558011049608e+02 2.380000000000000000e+02 2.470000000000000000e+02 0.000000000000000000e+00
2.867955801104972124e+02 2.410000000000000000e+02 2.470000000000000000e+02 0.000000000000000000e+00
2.868232044198895210e+02 2.450000000000000000e+02 2.460000000000000000e+02 0.000000000000000000e+00
2.868508287292817727e+02 2.480000000000000000e+02 2.440000000000000000e+02 0.000000000000000000e+00
2.868784530386740244e+02 2.510000000000000000e+02 2.430000000000000000e+02 0.000000000000000000e+00
2.869060773480662760e+02 2.520000000000000000e+02 2.410000000000000000e+02 0.000000000000000000e+00
2.869337016574585846e+02 2.540000000000000000e+02 2.380000000000000000e+02 0.000000000000000000e+00
2.869613259668508363e+02 2.540000000000000000e+02 2.350000000000000000e+02 0.000000000000000000e+00
2.869889502762430880e+02 2.550000000000000000e+02 2.340000000000000000e+02 0.000000000000000000e+00
2.870165745856353396e+02 2.550000000000000000e+02 2.340000000000000000e+02 0.000000000000000000e+00
2.870441988950276482e+02 2.550000000000000000e+02 2.300000000000000000e+02 0.000000000000000000e+00
2.870718232044198999e+02 2.550000000000000000e+02 2.260000000000000000e+02 0.000000000000000000e+00
2.870994475138121516e+02 2.550000000000000000e+02 2.230000000000000000e+02 0.000000000000000000e+00
2.871270718232044032e+02 2.550000000000000000e+02 2.190000000000000000e+02 0.000000000000000000e+00
2.871546961325967118e+02 2.550000000000000000e+02 2.160000000000000000e+02 0.000000000000000000e+00
2.871823204419889635e+02 2.550000000000000000e+02 2.120000000000000000e+02 0.000000000000000000e+00
2.872099447513812152e+02 2.550000000000000000e+02 2.090000000000000000e+02 0.000000000000000000e+00
2.872375690607734668e+02 2.550000000000000000e+02 2.050000000000000000e+02 0.000000000000000000e+00
2.872651933701657185e+02 2.550000000000000000e+02 2.020000000000000000e+02 0.000000000000000000e+00
2.872928176795580271e+02 2.550000000000000000e+02 1.980000000000000000e+02 0.000000000000000000e+00
2.873204419889502788e+02 2.550000000000000000e+02 1.950000000000000000e+02 0.000000000000000000e+00
2.873480662983425304e+02 2.550000000000000000e+02 1.920000000000000000e+02 0.000000000000000000e+00
2.873756906077347821e+02 2.550000000000000000e+02 1.890000000000000000e+02 0.000000000000000000e+00
2.874033149171270907e+02 2.550000000000000000e+02 1.850000000000000000e+02 0.000000000000000000e+00
2.874309392265193424e+02 2.550000000000000000e+02 1.810000000000000000e+02 0.000000000000000000e+00
2.874585635359115940e+02 2.550000000000000000e+02 1.780000000000000000e+02 0.000000000000000000e+00
2.874861878453038457e+02 2.550000000000000000e+02 1.750000000000000000e+02 0.000000000000000000e+00
2.875138121546961543e+02 2.550000000000000000e+02 1.750000000000000000e+02 0.000000000000000000e+00
2.875414364640884060e+02 2.550000000000000000e+02 1.740000000000000000e+02 0.000000000000000000e+00
2.875690607734806576e+02 2.550000000000000000e+02 1.700000000000000000e+02 0.000000000000000000e+00
2.875966850828729093e+02 2.550000000000000000e+02 1.670000000000000000e+02 0.000000000000000000e+00
2.876243093922652179e+02 2.550000000000000000e+02 1.630000000000000000e+02 0.000000000000000000e+00
2.876519337016574696e+02 2.550000000000000000e+02 1.600000000000000000e+02 0.000000000000000000e+00
2.876795580110497212e+02 2.550000000000000000e+02 1.560000000000000000e+02 0.000000000000000000e+00
2.877071823204419729e+02 2.550000000000000000e+02 1.520000000000000000e+02 0.000000000000000000e+00
2.877348066298342815e+02 2.550000000000000000e+02 1.490000000000000000e+02 0.000000000000000000e+00
2.877624309392265332e+02 2.550000000000000000e+02 1.450000000000000000e+02 0.000000000000000000e+00
2.877900552486187848e+02 2.550000000000000000e+02 1.420000000000000000e+02 0.000000000000000000e+00
2.878176795580110365e+02 2.550000000000000000e+02 1.380000000000000000e+02 0.000000000000000000e+00
2.878453038674032882e+02 2.550000000000000000e+02 1.350000000000000000e+02 0.000000000000000000e+00
2.878729281767955968e+02 2.550000000000000000e+02 1.310000000000000000e+02 0.000000000000000000e+00
2.879005524861878484e+02 2.540000000000000000e+02 1.280000000000000000e+02 0.000000000000000000e+00
2.879281767955801001e+02 2.530000000000000000e+02 1.250000000000000000e+02 0.000000000000000000e+00
2.879558011049723518e+02 2.530000000000000000e+02 1.220000000000000000e+02 0.000000000000000000e+00
2.879834254143646604e+02 2.530000000000000000e+02 1.220000000000000000e+02 0.000000000000000000e+00
2.880110497237569120e+02 2.520000000000000000e+02 1.210000000000000000e+02 0.000000000000000000e+00
2.880386740331491637e+02 2.520000000000000000e+02 1.170000000000000000e+02 0.000000000000000000e+00
2.880662983425414154e+02 2.510000000000000000e+02 1.150000000000000000e+02 0.000000000000000000e+00
2.880939226519337240e+02 2.500000000000000000e+02 1.120000000000000000e+02 0.000000000000000000e+00
2.881215469613259756e+02 2.500000000000000000e+02 1.100000000000000000e+02 0.000000000000000000e+00
2.881491712707182273e+02 2.490000000000000000e+02 1.070000000000000000e+02 0.000000000000000000e+00
2.881767955801104790e+02 2.480000000000000000e+02 1.060000000000000000e+02 0.000000000000000000e+00
2.882044198895027876e+02 2.460000000000000000e+02 1.030000000000000000e+02 0.000000000000000000e+00
2.882320441988950392e+02 2.450000000000000000e+02 1.000000000000000000e+02 0.000000000000000000e+00
2.882596685082872909e+02 2.440000000000000000e+02 9.800000000000000000e+01 0.000000000000000000e+00
2.882872928176795426e+02 2.420000000000000000e+02 9.600000000000000000e+01 0.000000000000000000e+00
2.883149171270717943e+02 2.410000000000000000e+02 9.400000000000000000e+01 0.000000000000000000e+00
2.883425414364641028e+02 2.400000000000000000e+02 9.100000000000000000e+01 0.000000000000000000e+00
2.883701657458563545e+02 2.390000000000000000e+02 8.900000000000000000e+01 0.000000000000000000e+00
2.883977900552486062e+02 2.370000000000000000e+02 8.600000000000000000e+01 0.000000000000000000e+00
2.884254143646408579e+02 2.360000000000000000e+02 8.300000000000000000e+01 0.000000000000000000e+00
2.884530386740331664e+02 2.350000000000000000e+02 8.100000000000000000e+01 0.000000000000000000e+00
2.884806629834254181e+02 2.340000000000000000e+02 8.000000000000000000e+01 0.000000000000000000e+00
2.885082872928176698e+02 2.340000000000000000e+02 8.000000000000000000e+01 0.000000000000000000e+00
2.885359116022099215e+02 2.330000000000000000e+02 7.800000000000000000e+01 0.000000000000000000e+00
2.885635359116022300e+02 2.320000000000000000e+02 7.600000000000000000e+01 0.000000000000000000e+00
2.885911602209944817e+02 2.300000000000000000e+02 7.300000000000000000e+01 0.000000000000000000e+00
2.886187845303867334e+02 2.290000000000000000e+02 7.100000000000000000e+01 0.000000000000000000e+00
2.886464088397789851e+02 2.280000000000000000e+02 6.900000000000000000e+01 0.000000000000000000e+00
2.886740331491712936e+02 2.260000000000000000e+02 6.700000000000000000e+01 0.000000000000000000e+00
2.887016574585635453e+02 2.250000000000000000e+02 6.500000000000000000e+01 0.000000000000000000e+00
2.887292817679557970e+02 2.240000000000000000e+02 6.200000000000000000e+01 0.000000000000000000e+00
2.887569060773480487e+02 2.230000000000000000e+02 6.000000000000000000e+01 0.000000000000000000e+00
2.887845303867403572e+02 2.210000000000000000e+02 5.800000000000000000e+01 0.000000000000000000e+00
2.888121546961326089e+02 2.200000000000000000e+02 5.500000000000000000e+01 0.000000000000000000e+00
2.888397790055248606e+02 2.190000000000000000e+02 5.300000000000000000e+01 0.000000000000000000e+00
2.888674033149171123e+02 2.170000000000000000e+02 5.000000000000000000e+01 0.000000000000000000e+00
2.888950276243093640e+02 2.160000000000000000e+02 4.800000000000000000e+01 0.000000000000000000e+00
2.889226519337016725e+02 2.140000000000000000e+02 4.600000000000000000e+01 0.000000000000000000e+00
2.889502762430939242e+02 2.120000000000000000e+02 4.400000000000000000e+01 0.000000000000000000e+00
2.889779005524861759e+02 2.100000000000000000e+02 4.200000000000000000e+01 0.000000000000000000e+00
2.890055248618784276e+02 2.100000000000000000e+02 4.200000000000000000e+01 0.000000000000000000e+00
2.890331491712707361e+02 2.100000000000000000e+02 4.200000000000000000e+01 0.000000000000000000e+00
2.890607734806629878e+02 2.070000000000000000e+02 4.000000000000000000e+01 0.000000000000000000e+00
2.890883977900552395e+02 2.050000000000000000e+02 3.800000000000000000e+01 0.000000000000000000e+00
2.891160220994474912e+02 2.020000000000000000e+02 3.700000000000000000e+01 0.000000000000000000e+00
2.891436464088397997e+02 1.990000000000000000e+02 3.500000000000000000e+01 0.000000000000000000e+00
2.891712707182320514e+02 1.960000000000000000e+02 3.300000000000000000e+01 0.000000000000000000e+00
2.891988950276243031e+02 1.920000000000000000e+02 3.200000000000000000e+01 0.000000000000000000e+00
2.892265193370165548e+02 1.890000000000000000e+02 3.100000000000000000e+01 0.000000000000000000e+00
2.892541436464088633e+02 1.860000000000000000e+02 3.000000000000000000e+01 0.000000000000000000e+00
2.892817679558011150e+02 1.820000000000000000e+02 2.900000000000000000e+01 0.000000000000000000e+00
2.893093922651933667e+02 1.780000000000000000e+02 2.800000000000000000e+01 0.000000000000000000e+00
2.893370165745856184e+02 1.750000000000000000e+02 2.600000000000000000e+01 0.000000000000000000e+00
2.893646408839779269e+02 1.720000000000000000e+02 2.500000000000000000e+01 0.000000000000000000e+00
2.893922651933701786e+02 1.690000000000000000e+02 2.400000000000000000e+01 0.000000000000000000e+00
2.894198895027624303e+02 1.660000000000000000e+02 2.300000000000000000e+01 0.000000000000000000e+00
2.894475138121546820e+02 1.620000000000000000e+02 2.100000000000000000e+01 0.000000000000000000e+00
2.894751381215469337e+02 1.590000000000000000e+02 2.000000000000000000e+01 0.000000000000000000e+00
2.895027624309392422e+02 1.560000000000000000e+02 2.000000000000000000e+01 0.000000000000000000e+00
2.895303867403314939e+02 1.560000000000000000e+02 2.000000000000000000e+01 0.000000000000000000e+00
2.895580110497237456e+02 1.550000000000000000e+02 1.900000000000000000e+01 0.000000000000000000e+00
2.895856353591159973e+02 1.510000000000000000e+02 1.800000000000000000e+01 0.000000000000000000e+00
2.896132596685083058e+02 1.480000000000000000e+02 1.700000000000000000e+01 0.000000000000000000e+00
2.896408839779005575e+02 1.440000000000000000e+02 1.500000000000000000e+01 0.000000000000000000e+00
2.896685082872928092e+02 1.410000000000000000e+02 1.400000000000000000e+01 0.000000000000000000e+00
2.896961325966850609e+02 1.370000000000000000e+02 1.300000000000000000e+01 0.000000000000000000e+00
2.897237569060773694e+02 1.340000000000000000e+02 1.100000000000000000e+01 0.000000000000000000e+00
2.897513812154696211e+02 1.310000000000000000e+02 1.000000000000000000e+01 0.000000000000000000e+00
2.897790055248618728e+02 1.270000000000000000e+02 9.000000000000000000e+00 0.000000000000000000e+00
2.898066298342541245e+02 1.240000000000000000e+02 8.000000000000000000e+00 0.000000000000000000e+00
2.898342541436464330e+02 1.210000000000000000e+02 7.000000000000000000e+00 0.000000000000000000e+00
2.898618784530386847e+02 1.180000000000000000e+02 6.000000000000000000e+00 0.000000000000000000e+00
2.898895027624309364e+02 1.150000000000000000e+02 5.000000000000000000e+00 0.000000000000000000e+00
2.899171270718231881e+02 1.120000000000000000e+02 3.000000000000000000e+00 0.000000000000000000e+00
2.899447513812154966e+02 1.090000000000000000e+02 2.000000000000000000e+00 0.000000000000000000e+00
2.899723756906077483e+02 1.070000000000000000e+02 2.000000000000000000e+00 0.000000000000000000e+00
