2.800000000000000000e+02 4.300000000000000000e+01 0.000000000000000000e+00 2.600000000000000000e+01
2.800828729281768119e+02 4.500000000000000000e+01 0.000000000000000000e+00 2.800000000000000000e+01
2.801657458563535670e+02 4.700000000000000000e+01 0.000000000000000000e+00 3.000000000000000000e+01
2.802486187845303789e+02 4.900000000000000000e+01 0.000000000000000000e+00 3.200000000000000000e+01
2.803314917127071908e+02 5.100000000000000000e+01 0.000000000000000000e+00 3.400000000000000000e+01
2.804143646408840027e+02 5.200000000000000000e+01 0.000000000000000000e+00 3.500000000000000000e+01
2.804972375690607578e+02 5.300000000000000000e+01 0.000000000000000000e+00 3.600000000000000000e+01
2.805801104972375697e+02 5.500000000000000000e+01 0.000000000000000000e+00 3.800000000000000000e+01
2.806629834254143816e+02 5.700000000000000000e+01 0.000000000000000000e+00 4.100000000000000000e+01
2.807458563535911367e+02 6.000000000000000000e+01 0.000000000000000000e+00 4.300000000000000000e+01
2.808287292817679486e+02 6.200000000000000000e+01 0.000000000000000000e+00 4.500000000000000000e+01
2.809116022099447605e+02 6.400000000000000000e+01 1.000000000000000000e+00 4.800000000000000000e+01
2.809944751381215724e+02 6.600000000000000000e+01 1.000000000000000000e+00 5.000000000000000000e+01
2.810773480662983275e+02 6.800000000000000000e+01 1.000000000000000000e+00 5.200000000000000000e+01
2.811602209944751394e+02 7.000000000000000000e+01 1.000000000000000000e+00 5.400000000000000000e+01
2.812430939226519513e+02 7.200000000000000000e+01 1.000000000000000000e+00 5.700000000000000000e+01
2.813259668508287064e+02 7.200000000000000000e+01 1.000000000000000000e+00 5.700000000000000000e+01
2.814088397790055183e+02 7.300000000000000000e+01 1.000000000000000000e+00 5.800000000000000000e+01
2.814917127071823302e+02 7.500000000000000000e+01 2.000000000000000000e+00 6.100000000000000000e+01
2.815745856353591421e+02 7.700000000000000000e+01 2.000000000000000000e+00 6.300000000000000000e+01
2.816574585635358972e+02 7.800000000000000000e+01 2.000000000000000000e+00 6.600000000000000000e+01
2.817403314917127091e+02 8.000000000000000000e+01 2.000000000000000000e+00 6.800000000000000000e+01
2.818232044198895210e+02 8.300000000000000000e+01 2.000000000000000000e+00 7.100000000000000000e+01
2.819060773480662760e+02 8.500000000000000000e+01 2.000000000000000000e+00 7.400000000000000000e+01
2.819889502762430880e+02 8.700000000000000000e+01 2.000000000000000000e+00 7.600000000000000000e+01
2.820718232044198999e+02 8.900000000000000000e+01 2.000000000000000000e+00 7.900000000000000000e+01
2.821546961325967118e+02 9.100000000000000000e+01 3.000000000000000000e+00 8.100000000000000000e+01
2.822375690607734668e+02 9.400000000000000000e+01 3.000000000000000000e+00 8.400000000000000000e+01
2.823204419889502788e+02 9.600000000000000000e+01 3.000000000000000000e+00 8.600000000000000000e+01
2.824033149171270907e+02 9.800000000000000000e+01 3.000000000000000000e+00 8.900000000000000000e+01
2.824861878453038457e+02 1.000000000000000000e+02 3.000000000000000000e+00 9.200000000000000000e+01
2.825690607734806576e+02 1.020000000000000000e+02 3.000000000000000000e+00 9.400000000000000000e+01
2.826519337016574696e+02 1.050000000000000000e+02 4.000000000000000000e+00 9.700000000000000000e+01
2.827348066298342815e+02 1.070000000000000000e+02 4.000000000000000000e+00 1.000000000000000000e+02
2.828176795580110365e+02 1.080000000000000000e+02 4.000000000000000000e+00 1.020000000000000000e+02
2.829005524861878484e+02 1.080000000000000000e+02 4.000000000000000000e+00 1.020000000000000000e+02
2.829834254143646604e+02 1.100000000000000000e+02 4.000000000000000000e+00 1.040000000000000000e+02
2.830662983425414154e+02 1.120000000000000000e+02 5.000000000000000000e+00 1.070000000000000000e+02
2.831491712707182273e+02 1.140000000000000000e+02 5.000000000000000000e+00 1.090000000000000000e+02
2.832320441988950392e+02 1.160000000000000000e+02 5.000000000000000000e+00 1.110000000000000000e+02
2.833149171270718512e+02 1.180000000000000000e+02 6.000000000000000000e+00 1.130000000000000000e+02
2.833977900552486062e+02 1.190000000000000000e+02 6.000000000000000000e+00 1.140000000000000000e+02
2.834806629834254181e+02 1.200000000000000000e+02 6.000000000000000000e+00 1.160000000000000000e+02
2.835635359116022300e+02 1.210000000000000000e+02 6.000000000000000000e+00 1.170000000000000000e+02
2.836464088397789851e+02 1.210000000000000000e+02 6.000000000000000000e+00 1.180000000000000000e+02
2.837292817679557970e+02 1.210000000000000000e+02 6.000000000000000000e+00 1.190000000000000000e+02
2.838121546961326089e+02 1.200000000000000000e+02 6.000000000000000000e+00 1.190000000000000000e+02
2.838950276243093640e+02 1.200000000000000000e+02 6.000000000000000000e+00 1.190000000000000000e+02
2.839779005524861759e+02 1.190000000000000000e+02 7.000000000000000000e+00 1.180000000000000000e+02
2.840607734806629878e+02 1.170000000000000000e+02 7.000000000000000000e+00 1.170000000000000000e+02
2.841436464088397997e+02 1.150000000000000000e+02 7.000000000000000000e+00 1.160000000000000000e+02
2.842265193370165548e+02 1.130000000000000000e+02 7.000000000000000000e+00 1.150000000000000000e+02
2.843093922651933667e+02 1.110000000000000000e+02 7.000000000000000000e+00 1.140000000000000000e+02
2.843922651933701786e+02 1.110000000000000000e+02 7.000000000000000000e+00 1.140000000000000000e+02
2.844751381215469337e+02 1.100000000000000000e+02 7.000000000000000000e+00 1.130000000000000000e+02
2.845580110497237456e+02 1.070000000000000000e+02 7.000000000000000000e+00 1.120000000000000000e+02
2.846408839779005575e+02 1.050000000000000000e+02 8.000000000000000000e+00 1.110000000000000000e+02
2.847237569060773694e+02 1.020000000000000000e+02 8.000000000000000000e+00 1.090000000000000000e+02
2.848066298342541245e+02 9.900000000000000000e+01 8.000000000000000000e+00 1.080000000000000000e+02
2.848895027624309364e+02 9.600000000000000000e+01 8.000000000000000000e+00 1.060000000000000000e+02
2.849723756906077483e+02 9.300000000000000000e+01 8.000000000000000000e+00 1.040000000000000000e+02
2.850552486187845034e+02 9.100000000000000000e+01 8.000000000000000000e+00 1.030000000000000000e+02
2.851381215469613153e+02 8.800000000000000000e+01 9.000000000000000000e+00 1.020000000000000000e+02
2.852209944751381272e+02 8.600000000000000000e+01 9.000000000000000000e+00 1.010000000000000000e+02
2.853038674033149391e+02 8.200000000000000000e+01 9.000000000000000000e+00 9.900000000000000000e+01
2.853867403314916942e+02 7.900000000000000000e+01 9.000000000000000000e+00 9.800000000000000000e+01
2.854696132596685061e+02 7.700000000000000000e+01 9.000000000000000000e+00 9.700000000000000000e+01
2.855524861878453180e+02 7.400000000000000000e+01 9.000000000000000000e+00 9.500000000000000000e+01
2.856353591160220731e+02 7.200000000000000000e+01 1.000000000000000000e+01 9.300000000000000000e+01
2.857182320441988850e+02 6.900000000000000000e+01 1.000000000000000000e+01 9.200000000000000000e+01
2.858011049723756969e+02 6.900000000000000000e+01 1.000000000000000000e+01 9.200000000000000000e+01
2.858839779005525088e+02 6.800000000000000000e+01 1.000000000000000000e+01 9.100000000000000000e+01
2.859668508287292639e+02 6.500000000000000000e+01 1.000000000000000000e+01 9.000000000000000000e+01
2.860497237569060758e+02 6.300000000000000000e+01 1.000000000000000000e+01 8.900000000000000000e+01
2.861325966850828877e+02 6.000000000000000000e+01 1.000000000000000000e+01 8.700000000000000000e+01
2.862154696132596428e+02 5.800000000000000000e+01 1.000000000000000000e+01 8.600000000000000000e+01
2.862983425414364547e+02 5.500000000000000000e+01 1.000000000000000000e+01 8.500000000000000000e+01
2.863812154696132666e+02 5.300000000000000000e+01 1.100000000000000000e+01 8.400000000000000000e+01
2.864640883977900785e+02 4.900000000000000000e+01 1.100000000000000000e+01 8.200000000000000000e+01
2.865469613259668336e+02 4.600000000000000000e+01 1.100000000000000000e+01 8.000000000000000000e+01
2.866298342541436455e+02 4.400000000000000000e+01 1.100000000000000000e+01 7.900000000000000000e+01
2.867127071823204574e+02 4.100000000000000000e+01 1.100000000000000000e+01 7.700000000000000000e+01
2.867955801104972124e+02 3.900000000000000000e+01 1.100000000000000000e+01 7.600000000000000000e+01
2.868784530386740244e+02 3.700000000000000000e+01 1.100000000000000000e+01 7.600000000000000000e+01
2.869613259668508363e+02 3.500000000000000000e+01 1.200000000000000000e+01 7.500000000000000000e+01
2.870441988950276482e+02 3.300000000000000000e+01 1.300000000000000000e+01 7.500000000000000000e+01
2.871270718232044032e+02 3.200000000000000000e+01 1.300000000000000000e+01 7.500000000000000000e+01
2.872099447513812152e+02 3.100000000000000000e+01 1.400000000000000000e+01 7.500000000000000000e+01
2.872928176795580271e+02 3.000000000000000000e+01 1.600000000000000000e+01 7.700000000000000000e+01
2.873756906077347821e+02 3.000000000000000000e+01 1.600000000000000000e+01 7.700000000000000000e+01
2.874585635359115940e+02 3.000000000000000000e+01 1.600000000000000000e+01 7.700000000000000000e+01
2.875414364640884060e+02 3.000000000000000000e+01 1.800000000000000000e+01 7.800000000000000000e+01
2.876243093922652179e+02 3.000000000000000000e+01 1.900000000000000000e+01 8.000000000000000000e+01
2.877071823204419729e+02 3.000000000000000000e+01 2.000000000000000000e+01 8.100000000000000000e+01
2.877900552486187848e+02 3.000000000000000000e+01 2.100000000000000000e+01 8.300000000000000000e+01
2.878729281767955968e+02 3.000000000000000000e+01 2.300000000000000000e+01 8.500000000000000000e+01
2.879558011049723518e+02 3.000000000000000000e+01 2.400000000000000000e+01 8.700000000000000000e+01
2.880386740331491637e+02 3.000000000000000000e+01 2.500000000000000000e+01 8.900000000000000000e+01
2.881215469613259756e+02 3.000000000000000000e+01 2.700000000000000000e+01 9.100000000000000000e+01
2.882044198895027876e+02 3.000000000000000000e+01 2.800000000000000000e+01 9.300000000000000000e+01
2.882872928176795426e+02 3.000000000000000000e+01 2.900000000000000000e+01 9.500000000000000000e+01
2.883701657458563545e+02 3.000000000000000000e+01 3.100000000000000000e+01 9.700000000000000000e+01
2.884530386740331664e+02 3.000000000000000000e+01 3.300000000000000000e+01 9.900000000000000000e+01
2.885359116022099215e+02 3.000000000000000000e+01 3.400000000000000000e+01 1.010000000000000000e+02
2.886187845303867334e+02 3.100000000000000000e+01 3.500000000000000000e+01 1.030000000000000000e+02
2.887016574585635453e+02 3.100000000000000000e+01 3.700000000000000000e+01 1.050000000000000000e+02
2.887845303867403572e+02 3.100000000000000000e+01 3.800000000000000000e+01 1.070000000000000000e+02
2.888674033149171123e+02 3.100000000000000000e+01 3.900000000000000000e+01 1.080000000000000000e+02
2.889502762430939242e+02 3.100000000000000000e+01 3.900000000000000000e+01 1.080000000000000000e+02
2.890331491712707361e+02 3.100000000000000000e+01 4.000000000000000000e+01 1.100000000000000000e+02
2.891160220994474912e+02 3.100000000000000000e+01 4.200000000000000000e+01 1.120000000000000000e+02
2.891988950276243031e+02 3.100000000000000000e+01 4.300000000000000000e+01 1.140000000000000000e+02
2.892817679558011150e+02 3.100000000000000000e+01 4.500000000000000000e+01 1.160000000000000000e+02
2.893646408839779269e+02 3.100000000000000000e+01 4.600000000000000000e+01 1.180000000000000000e+02
2.894475138121546820e+02 3.100000000000000000e+01 4.700000000000000000e+01 1.200000000000000000e+02
2.895303867403314939e+02 3.100000000000000000e+01 4.900000000000000000e+01 1.220000000000000000e+02
2.896132596685083058e+02 3.100000000000000000e+01 5.000000000000000000e+01 1.240000000000000000e+02
2.896961325966850609e+02 3.100000000000000000e+01 5.200000000000000000e+01 1.260000000000000000e+02
2.897790055248618728e+02 3.100000000000000000e+01 5.300000000000000000e+01 1.280000000000000000e+02
2.898618784530386847e+02 3.100000000000000000e+01 5.500000000000000000e+01 1.300000000000000000e+02
2.899447513812154966e+02 3.100000000000000000e+01 5.600000000000000000e+01 1.320000000000000000e+02
2.900276243093922517e+02 3.200000000000000000e+01 5.700000000000000000e+01 1.330000000000000000e+02
2.901104972375690636e+02 3.200000000000000000e+01 5.900000000000000000e+01 1.360000000000000000e+02
2.901933701657458755e+02 3.200000000000000000e+01 6.000000000000000000e+01 1.370000000000000000e+02
2.902762430939226306e+02 3.200000000000000000e+01 6.100000000000000000e+01 1.390000000000000000e+02
2.903591160220994425e+02 3.200000000000000000e+01 6.300000000000000000e+01 1.410000000000000000e+02
2.904419889502762544e+02 3.200000000000000000e+01 6.400000000000000000e+01 1.420000000000000000e+02
2.905248618784530663e+02 3.200000000000000000e+01 6.400000000000000000e+01 1.420000000000000000e+02
2.906077348066298214e+02 3.200000000000000000e+01 6.500000000000000000e+01 1.440000000000000000e+02
2.906906077348066333e+02 3.200000000000000000e+01 6.700000000000000000e+01 1.460000000000000000e+02
2.907734806629834452e+02 3.200000000000000000e+01 6.800000000000000000e+01 1.480000000000000000e+02
2.908563535911602003e+02 3.200000000000000000e+01 6.900000000000000000e+01 1.500000000000000000e+02
2.909392265193370122e+02 3.200000000000000000e+01 7.100000000000000000e+01 1.520000000000000000e+02
2.910220994475138241e+02 3.300000000000000000e+01 7.300000000000000000e+01 1.550000000000000000e+02
2.911049723756906360e+02 3.300000000000000000e+01 7.400000000000000000e+01 1.570000000000000000e+02
2.911878453038673911e+02 3.300000000000000000e+01 7.600000000000000000e+01 1.590000000000000000e+02
2.912707182320442030e+02 3.300000000000000000e+01 7.800000000000000000e+01 1.610000000000000000e+02
2.913535911602210149e+02 3.300000000000000000e+01 7.900000000000000000e+01 1.620000000000000000e+02
2.914364640883977700e+02 3.300000000000000000e+01 8.100000000000000000e+01 1.640000000000000000e+02
2.915193370165745819e+02 3.300000000000000000e+01 8.300000000000000000e+01 1.660000000000000000e+02
2.916022099447513938e+02 3.400000000000000000e+01 8.500000000000000000e+01 1.680000000000000000e+02
2.916850828729282057e+02 3.400000000000000000e+01 8.700000000000000000e+01 1.700000000000000000e+02
2.917679558011049608e+02 3.400000000000000000e+01 8.900000000000000000e+01 1.720000000000000000e+02
2.918508287292817727e+02 3.500000000000000000e+01 9.000000000000000000e+01 1.730000000000000000e+02
2.919337016574585846e+02 3.500000000000000000e+01 9.000000000000000000e+01 1.730000000000000000e+02
2.920165745856353396e+02 3.500000000000000000e+01 9.200000000000000000e+01 1.750000000000000000e+02
2.920994475138121516e+02 3.500000000000000000e+01 9.400000000000000000e+01 1.770000000000000000e+02
2.921823204419889635e+02 3.600000000000000000e+01 9.600000000000000000e+01 1.790000000000000000e+02
2.922651933701657185e+02 3.600000000000000000e+01 9.900000000000000000e+01 1.810000000000000000e+02
2.923480662983425304e+02 3.600000000000000000e+01 1.010000000000000000e+02 1.830000000000000000e+02
2.924309392265193424e+02 3.700000000000000000e+01 1.030000000000000000e+02 1.850000000000000000e+02
2.925138121546961543e+02 3.700000000000000000e+01 1.040000000000000000e+02 1.860000000000000000e+02
2.925966850828729093e+02 3.700000000000000000e+01 1.070000000000000000e+02 1.870000000000000000e+02
2.926795580110497212e+02 3.700000000000000000e+01 1.090000000000000000e+02 1.890000000000000000e+02
2.927624309392265332e+02 3.800000000000000000e+01 1.110000000000000000e+02 1.920000000000000000e+02
2.928453038674032882e+02 3.800000000000000000e+01 1.140000000000000000e+02 1.940000000000000000e+02
2.929281767955801001e+02 3.800000000000000000e+01 1.160000000000000000e+02 1.960000000000000000e+02
2.930110497237569120e+02 3.900000000000000000e+01 1.180000000000000000e+02 1.980000000000000000e+02
2.930939226519337240e+02 4.000000000000000000e+01 1.200000000000000000e+02 2.000000000000000000e+02
2.931767955801104790e+02 4.000000000000000000e+01 1.220000000000000000e+02 2.020000000000000000e+02
2.932596685082872909e+02 4.000000000000000000e+01 1.240000000000000000e+02 2.040000000000000000e+02
2.933425414364641028e+02 4.100000000000000000e+01 1.270000000000000000e+02 2.060000000000000000e+02
2.934254143646408579e+02 4.100000000000000000e+01 1.270000000000000000e+02 2.060000000000000000e+02
2.935082872928176698e+02 4.100000000000000000e+01 1.280000000000000000e+02 2.070000000000000000e+02
2.935911602209944817e+02 4.100000000000000000e+01 1.300000000000000000e+02 2.090000000000000000e+02
2.936740331491712936e+02 4.100000000000000000e+01 1.320000000000000000e+02 2.110000000000000000e+02
2.937569060773480487e+02 4.200000000000000000e+01 1.330000000000000000e+02 2.120000000000000000e+02
2.938397790055248606e+02 4.200000000000000000e+01 1.350000000000000000e+02 2.140000000000000000e+02
2.939226519337016725e+02 4.200000000000000000e+01 1.370000000000000000e+02 2.160000000000000000e+02
2.940055248618784276e+02 4.200000000000000000e+01 1.390000000000000000e+02 2.180000000000000000e+02
2.940883977900552395e+02 4.200000000000000000e+01 1.410000000000000000e+02 2.200000000000000000e+02
2.941712707182320514e+02 4.300000000000000000e+01 1.440000000000000000e+02 2.220000000000000000e+02
2.942541436464088633e+02 4.300000000000000000e+01 1.460000000000000000e+02 2.240000000000000000e+02
2.943370165745856184e+02 4.300000000000000000e+01 1.480000000000000000e+02 2.260000000000000000e+02
2.944198895027624303e+02 4.400000000000000000e+01 1.500000000000000000e+02 2.280000000000000000e+02
2.945027624309392422e+02 4.400000000000000000e+01 1.520000000000000000e+02 2.300000000000000000e+02
2.945856353591159973e+02 4.400000000000000000e+01 1.550000000000000000e+02 2.320000000000000000e+02
2.946685082872928092e+02 4.500000000000000000e+01 1.570000000000000000e+02 2.340000000000000000e+02
2.947513812154696211e+02 4.600000000000000000e+01 1.590000000000000000e+02 2.360000000000000000e+02
2.948342541436464330e+02 4.600000000000000000e+01 1.610000000000000000e+02 2.380000000000000000e+02
2.949171270718231881e+02 4.600000000000000000e+01 1.630000000000000000e+02 2.390000000000000000e+02
2.950000000000000000e+02 4.600000000000000000e+01 1.630000000000000000e+02 2.390000000000000000e+02
2.950828729281768119e+02 4.600000000000000000e+01 1.640000000000000000e+02 2.400000000000000000e+02
2.951657458563535670e+02 4.700000000000000000e+01 1.670000000000000000e+02 2.420000000000000000e+02
2.952486187845303789e+02 4.700000000000000000e+01 1.690000000000000000e+02 2.440000000000000000e+02
2.953314917127071908e+02 4.800000000000000000e+01 1.710000000000000000e+02 2.440000000000000000e+02
2.954143646408840027e+02 4.700000000000000000e+01 1.720000000000000000e+02 2.430000000000000000e+02
2.954972375690607578e+02 4.700000000000000000e+01 1.720000000000000000e+02 2.400000000000000000e+02
2.955801104972375697e+02 4.600000000000000000e+01 1.730000000000000000e+02 2.360000000000000000e+02
2.956629834254143816e+02 4.500000000000000000e+01 1.740000000000000000e+02 2.300000000000000000e+02
2.957458563535911367e+02 4.500000000000000000e+01 1.740000000000000000e+02 2.240000000000000000e+02
2.958287292817679486e+02 4.400000000000000000e+01 1.730000000000000000e+02 2.150000000000000000e+02
2.959116022099447605e+02 4.200000000000000000e+01 1.720000000000000000e+02 2.060000000000000000e+02
2.959944751381215724e+02 4.100000000000000000e+01 1.710000000000000000e+02 1.960000000000000000e+02
2.960773480662983275e+02 4.000000000000000000e+01 1.700000000000000000e+02 1.840000000000000000e+02
2.961602209944751394e+02 3.900000000000000000e+01 1.680000000000000000e+02 1.710000000000000000e+02
2.962430939226519513e+02 3.700000000000000000e+01 1.660000000000000000e+02 1.590000000000000000e+02
2.963259668508287064e+02 3.600000000000000000e+01 1.650000000000000000e+02 1.470000000000000000e+02
2.964088397790055183e+02 3.500000000000000000e+01 1.640000000000000000e+02 1.340000000000000000e+02
2.964917127071823302e+02 3.500000000000000000e+01 1.640000000000000000e+02 1.330000000000000000e+02
2.965745856353591421e+02 3.400000000000000000e+01 1.630000000000000000e+02 1.290000000000000000e+02
2.966574585635358972e+02 3.200000000000000000e+01 1.630000000000000000e+02 1.150000000000000000e+02
2.967403314917127091e+02 3.100000000000000000e+01 1.630000000000000000e+02 1.030000000000000000e+02
2.968232044198895210e+02 2.900000000000000000e+01 1.630000000000000000e+02 9.000000000000000000e+01
2.969060773480662760e+02 2.700000000000000000e+01 1.640000000000000000e+02 7.700000000000000000e+01
2.969889502762430880e+02 2.600000000000000000e+01 1.650000000000000000e+02 6.300000000000000000e+01
2.970718232044198999e+02 2.500000000000000000e+01 1.670000000000000000e+02 5.200000000000000000e+01
2.971546961325966549e+02 2.500000000000000000e+01 1.690000000000000000e+02 4.200000000000000000e+01
2.972375690607734668e+02 2.600000000000000000e+01 1.710000000000000000e+02 3.100000000000000000e+01
2.973204419889502788e+02 2.800000000000000000e+01 1.750000000000000000e+02 2.300000000000000000e+01
2.974033149171270907e+02 3.000000000000000000e+01 1.770000000000000000e+02 1.600000000000000000e+01
2.974861878453038457e+02 3.300000000000000000e+01 1.800000000000000000e+02 1.000000000000000000e+01
2.975690607734806576e+02 3.700000000000000000e+01 1.820000000000000000e+02 6.000000000000000000e+00
2.976519337016574696e+02 4.100000000000000000e+01 1.850000000000000000e+02 3.000000000000000000e+00
2.977348066298342246e+02 4.600000000000000000e+01 1.870000000000000000e+02 0.000000000000000000e+00
2.978176795580110365e+02 5.300000000000000000e+01 1.890000000000000000e+02 0.000000000000000000e+00
2.979005524861878484e+02 5.500000000000000000e+01 1.900000000000000000e+02 0.000000000000000000e+00
2.979834254143646604e+02 5.600000000000000000e+01 1.900000000000000000e+02 0.000000000000000000e+00
2.980662983425414154e+02 6.300000000000000000e+01 1.930000000000000000e+02 0.000000000000000000e+00
2.981491712707182273e+02 7.000000000000000000e+01 1.950000000000000000e+02 0.000000000000000000e+00
2.982320441988950392e+02 7.600000000000000000e+01 1.970000000000000000e+02 0.000000000000000000e+00
2.983149171270717943e+02 8.400000000000000000e+01 2.000000000000000000e+02 0.000000000000000000e+00
2.983977900552486062e+02 9.100000000000000000e+01 2.020000000000000000e+02 0.000000000000000000e+00
2.984806629834254181e+02 9.800000000000000000e+01 2.040000000000000000e+02 0.000000000000000000e+00
2.985635359116022300e+02 1.040000000000000000e+02 2.050000000000000000e+02 0.000000000000000000e+00
2.986464088397789851e+02 1.120000000000000000e+02 2.080000000000000000e+02 0.000000000000000000e+00
2.987292817679557970e+02 1.190000000000000000e+02 2.100000000000000000e+02 0.000000000000000000e+00
2.988121546961326089e+02 1.260000000000000000e+02 2.130000000000000000e+02 0.000000000000000000e+00
2.988950276243093640e+02 1.330000000000000000e+02 2.150000000000000000e+02 0.000000000000000000e+00
2.989779005524861759e+02 1.400000000000000000e+02 2.170000000000000000e+02 0.000000000000000000e+00
2.990607734806629878e+02 1.470000000000000000e+02 2.200000000000000000e+02 0.000000000000000000e+00
2.991436464088397997e+02 1.550000000000000000e+02 2.220000000000000000e+02 0.000000000000000000e+00
2.992265193370165548e+02 1.620000000000000000e+02 2.240000000000000000e+02 0.000000000000000000e+00
2.993093922651933667e+02 1.690000000000000000e+02 2.260000000000000000e+02 0.000000000000000000e+00
2.993922651933701786e+02 1.760000000000000000e+02 2.290000000000000000e+02 0.000000000000000000e+00
2.994751381215469337e+02 1.760000000000000000e+02 2.290000000000000000e+02 0.000000000000000000e+00
2.995580110497237456e+02 1.800000000000000000e+02 2.300000000000000000e+02 0.000000000000000000e+00
2.996408839779005575e+02 1.870000000000000000e+02 2.320000000000000000e+02 0.000000000000000000e+00
2.997237569060773694e+02 1.930000000000000000e+02 2.340000000000000000e+02 0.000000000000000000e+00
2.998066298342541245e+02 2.000000000000000000e+02 2.360000000000000000e+02 0.000000000000000000e+00
2.998895027624309364e+02 2.070000000000000000e+02 2.380000000000000000e+02 0.000000000000000000e+00
2.999723756906077483e+02 2.140000000000000000e+02 2.410000000000000000e+02 0.000000000000000000e+00
3.000552486187845034e+02 2.210000000000000000e+02 2.430000000000000000e+02 0.000000000000000000e+00
3.001381215469613153e+02 2.270000000000000000e+02 2.450000000000000000e+02 0.000000000000000000e+00
3.002209944751381272e+02 2.330000000000000000e+02 2.460000000000000000e+02 0.000000000000000000e+00
3.003038674033149391e+02 2.380000000000000000e+02 2.470000000000000000e+02 0.000000000000000000e+00
3.003867403314916942e+02 2.410000000000000000e+02 2.470000000000000000e+02 0.000000000000000000e+00
3.004696132596685061e+02 2.450000000000000000e+02 2.460000000000000000e+02 0.000000000000000000e+00
3.005524861878453180e+02 2.480000000000000000e+02 2.440000000000000000e+02 0.000000000000000000e+00
3.006353591160220731e+02 2.510000000000000000e+02 2.430000000000000000e+02 0.000000000000000000e+00
3.007182320441988850e+02 2.520000000000000000e+02 2.410000000000000000e+02 0.000000000000000000e+00
3.008011049723756969e+02 2.540000000000000000e+02 2.380000000000000000e+02 0.000000000000000000e+00
3.008839779005525088e+02 2.540000000000000000e+02 2.350000000000000000e+02 0.000000000000000000e+00
3.009668508287292639e+02 2.550000000000000000e+02 2.340000000000000000e+02 0.000000000000000000e+00
3.010497237569060758e+02 2.550000000000000000e+02 2.340000000000000000e+02 0.000000000000000000e+00
3.011325966850828877e+02 2.550000000000000000e+02 2.300000000000000000e+02 0.000000000000000000e+00
3.012154696132596428e+02 2.550000000000000000e+02 2.260000000000000000e+02 0.000000000000000000e+00
3.012983425414364547e+02 2.550000000000000000e+02 2.230000000000000000e+02 0.000000000000000000e+00
3.013812154696132666e+02 2.550000000000000000e+02 2.190000000000000000e+02 0.000000000000000000e+00
3.014640883977900785e+02 2.550000000000000000e+02 2.160000000000000000e+02 0.000000000000000000e+00
3.015469613259668336e+02 2.550000000000000000e+02 2.120000000000000000e+02 0.000000000000000000e+00
3.016298342541436455e+02 2.550000000000000000e+02 2.090000000000000000e+02 0.000000000000000000e+00
3.017127071823204574e+02 2.550000000000000000e+02 2.050000000000000000e+02 0.000000000000000000e+00
3.017955801104972124e+02 2.550000000000000000e+02 2.020000000000000000e+02 0.000000000000000000e+00
3.018784530386740244e+02 2.550000000000000000e+02 1.980000000000000000e+02 0.000000000000000000e+00
3.019613259668508363e+02 2.550000000000000000e+02 1.950000000000000000e+02 0.000000000000000000e+00
3.020441988950276482e+02 2.550000000000000000e+02 1.920000000000000000e+02 0.000000000000000000e+00
3.021270718232044032e+02 2.550000000000000000e+02 1.890000000000000000e+02 0.000000000000000000e+00
3.022099447513812152e+02 2.550000000000000000e+02 1.850000000000000000e+02 0.000000000000000000e+00
3.022928176795580271e+02 2.550000000000000000e+02 1.810000000000000000e+02 0.000000000000000000e+00
3.023756906077347821e+02 2.550000000000000000e+02 1.780000000000000000e+02 0.000000000000000000e+00
3.024585635359115940e+02 2.550000000000000000e+02 1.750000000000000000e+02 0.000000000000000000e+00
3.025414364640884060e+02 2.550000000000000000e+02 1.750000000000000000e+02 0.000000000000000000e+00
3.026243093922652179e+02 2.550000000000000000e+02 1.740000000000000000e+02 0.000000000000000000e+00
3.027071823204419729e+02 2.550000000000000000e+02 1.700000000000000000e+02 0.000000000000000000e+00
3.027900552486187848e+02 2.550000000000000000e+02 1.670000000000000000e+02 0.000000000000000000e+00
3.028729281767955968e+02 2.550000000000000000e+02 1.630000000000000000e+02 0.000000000000000000e+00
3.029558011049723518e+02 2.550000000000000000e+02 1.600000000000000000e+02 0.000000000000000000e+00
3.030386740331491637e+02 2.550000000000000000e+02 1.560000000000000000e+02 0.000000000000000000e+00
3.031215469613259756e+02 2.550000000000000000e+02 1.520000000000000000e+02 0.000000000000000000e+00
3.032044198895027876e+02 2.550000000000000000e+02 1.490000000000000000e+02 0.000000000000000000e+00
3.032872928176795426e+02 2.550000000000000000e+02 1.450000000000000000e+02 0.000000000000000000e+00
3.033701657458563545e+02 2.550000000000000000e+02 1.420000000000000000e+02 0.000000000000000000e+00
3.034530386740331664e+02 2.550000000000000000e+02 1.380000000000000000e+02 0.000000000000000000e+00
3.035359116022099215e+02 2.550000000000000000e+02 1.350000000000000000e+02 0.000000000000000000e+00
3.036187845303867334e+02 2.550000000000000000e+02 1.310000000000000000e+02 0.000000000000000000e+00
3.037016574585635453e+02 2.540000000000000000e+02 1.280000000000000000e+02 0.000000000000000000e+00
3.037845303867403572e+02 2.530000000000000000e+02 1.250000000000000000e+02 0.000000000000000000e+00
3.038674033149171123e+02 2.530000000000000000e+02 1.220000000000000000e+02 0.000000000000000000e+00
3.039502762430939242e+02 2.530000000000000000e+02 1.220000000000000000e+02 0.000000000000000000e+00
3.040331491712707361e+02 2.520000000000000000e+02 1.210000000000000000e+02 0.000000000000000000e+00
3.041160220994474912e+02 2.520000000000000000e+02 1.170000000000000000e+02 0.000000000000000000e+00
3.041988950276243031e+02 2.510000000000000000e+02 1.150000000000000000e+02 0.000000000000000000e+00
3.042817679558011150e+02 2.500000000000000000e+02 1.120000000000000000e+02 0.000000000000000000e+00
3.043646408839779269e+02 2.500000000000000000e+02 1.100000000000000000e+02 0.000000000000000000e+00
3.044475138121546820e+02 2.490000000000000000e+02 1.070000000000000000e+02 0.000000000000000000e+00
3.045303867403314939e+02 2.480000000000000000e+02 1.060000000000000000e+02 0.000000000000000000e+00
3.046132596685083058e+02 2.460000000000000000e+02 1.030000000000000000e+02 0.000000000000000000e+00
3.046961325966850609e+02 2.450000000000000000e+02 1.000000000000000000e+02 0.000000000000000000e+00
3.047790055248618728e+02 2.440000000000000000e+02 9.800000000000000000e+01 0.000000000000000000e+00
3.048618784530386847e+02 2.420000000000000000e+02 9.600000000000000000e+01 0.000000000000000000e+00
3.049447513812154966e+02 2.410000000000000000e+02 9.400000000000000000e+01 0.000000000000000000e+00
3.050276243093922517e+02 2.400000000000000000e+02 9.100000000000000000e+01 0.000000000000000000e+00
3.051104972375690636e+02 2.390000000000000000e+02 8.900000000000000000e+01 0.000000000000000000e+00
3.051933701657458755e+02 2.370000000000000000e+02 8.600000000000000000e+01 0.000000000000000000e+00
3.052762430939226306e+02 2.360000000000000000e+02 8.300000000000000000e+01 0.000000000000000000e+00
3.053591160220994425e+02 2.350000000000000000e+02 8.100000000000000000e+01 0.000000000000000000e+00
3.054419889502762544e+02 2.340000000000000000e+02 8.000000000000000000e+01 0.000000000000000000e+00
3.055248618784530663e+02 2.340000000000000000e+02 8.000000000000000000e+01 0.000000000000000000e+00
3.056077348066298214e+02 2.330000000000000000e+02 7.800000000000000000e+01 0.000000000000000000e+00
3.056906077348066333e+02 2.320000000000000000e+02 7.600000000000000000e+01 0.000000000000000000e+00
3.057734806629834452e+02 2.300000000000000000e+02 7.300000000000000000e+01 0.000000000000000000e+00
3.058563535911602003e+02 2.290000000000000000e+02 7.100000000000000000e+01 0.000000000000000000e+00
3.059392265193370122e+02 2.280000000000000000e+02 6.900000000000000000e+01 0.000000000000000000e+00
3.060220994475138241e+02 2.260000000000000000e+02 6.700000000000000000e+01 0.000000000000000000e+00
3.061049723756906360e+02 2.250000000000000000e+02 6.500000000000000000e+01 0.000000000000000000e+00
3.061878453038673911e+02 2.240000000000000000e+02 6.200000000000000000e+01 0.000000000000000000e+00
3.062707182320442030e+02 2.230000000000000000e+02 6.000000000000000000e+01 0.000000000000000000e+00
3.063535911602210149e+02 2.210000000000000000e+02 5.800000000000000000e+01 0.000000000000000000e+00
3.064364640883977700e+02 2.200000000000000000e+02 5.500000000000000000e+01 0.000000000000000000e+00
3.065193370165745819e+02 2.190000000000000000e+02 5.300000000000000000e+01 0.000000000000000000e+00
3.066022099447513938e+02 2.170000000000000000e+02 5.000000000000000000e+01 0.000000000000000000e+00
3.066850828729282057e+02 2.160000000000000000e+02 4.800000000000000000e+01 0.000000000000000000e+00
3.067679558011049608e+02 2.140000000000000000e+02 4.600000000000000000e+01 0.000000000000000000e+00
3.068508287292817727e+02 2.120000000000000000e+02 4.400000000000000000e+01 0.000000000000000000e+00
3.069337016574585846e+02 2.100000000000000000e+02 4.200000000000000000e+01 0.000000000000000000e+00
3.070165745856353396e+02 2.100000000000000000e+02 4.200000000000000000e+01 0.000000000000000000e+00
3.070994475138121516e+02 2.100000000000000000e+02 4.200000000000000000e+01 0.000000000000000000e+00
3.071823204419889635e+02 2.070000000000000000e+02 4.000000000000000000e+01 0.000000000000000000e+00
3.072651933701657754e+02 2.050000000000000000e+02 3.800000000000000000e+01 0.000000000000000000e+00
3.073480662983425304e+02 2.020000000000000000e+02 3.700000000000000000e+01 0.000000000000000000e+00
3.074309392265193424e+02 1.990000000000000000e+02 3.500000000000000000e+01 0.000000000000000000e+00
3.075138121546961543e+02 1.960000000000000000e+02 3.300000000000000000e+01 0.000000000000000000e+00
3.075966850828729093e+02 1.920000000000000000e+02 3.200000000000000000e+01 0.000000000000000000e+00
3.076795580110497212e+02 1.890000000000000000e+02 3.100000000000000000e+01 0.000000000000000000e+00
3.077624309392265332e+02 1.860000000000000000e+02 3.000000000000000000e+01 0.000000000000000000e+00
3.078453038674033451e+02 1.820000000000000000e+02 2.900000000000000000e+01 0.000000000000000000e+00
3.079281767955801001e+02 1.780000000000000000e+02 2.800000000000000000e+01 0.000000000000000000e+00
3.080110497237569120e+02 1.750000000000000000e+02 2.600000000000000000e+01 0.000000000000000000e+00
3.080939226519337240e+02 1.720000000000000000e+02 2.500000000000000000e+01 0.000000000000000000e+00
3.081767955801104790e+02 1.690000000000000000e+02 2.400000000000000000e+01 0.000000000000000000e+00
3.082596685082872909e+02 1.660000000000000000e+02 2.300000000000000000e+01 0.000000000000000000e+00
3.083425414364641028e+02 1.620000000000000000e+02 2.100000000000000000e+01 0.000000000000000000e+00
3.084254143646408579e+02 1.590000000000000000e+02 2.000000000000000000e+01 0.000000000000000000e+00
3.085082872928176698e+02 1.560000000000000000e+02 2.000000000000000000e+01 0.000000000000000000e+00
3.085911602209944817e+02 1.560000000000000000e+02 2.000000000000000000e+01 0.000000000000000000e+00
3.086740331491712936e+02 1.550000000000000000e+02 1.900000000000000000e+01 0.000000000000000000e+00
3.087569060773480487e+02 1.510000000000000000e+02 1.800000000000000000e+01 0.000000000000000000e+00
3.088397790055248606e+02 1.480000000000000000e+02 1.700000000000000000e+01 0.000000000000000000e+00
3.089226519337016725e+02 1.440000000000000000e+02 1.500000000000000000e+01 0.000000000000000000e+00
3.090055248618784276e+02 1.410000000000000000e+02 1.400000000000000000e+01 0.000000000000000000e+00
3.090883977900552395e+02 1.370000000000000000e+02 1.300000000000000000e+01 0.000000000000000000e+00
3.091712707182320514e+02 1.340000000000000000e+02 1.100000000000000000e+01 0.000000000000000000e+00
3.092541436464088633e+02 1.310000000000000000e+02 1.000000000000000000e+01 0.000000000000000000e+00
3.093370165745856184e+02 1.270000000000000000e+02 9.000000000000000000e+00 0.000000000000000000e+00
3.094198895027624303e+02 1.240000000000000000e+02 8.000000000000000000e+00 0.000000000000000000e+00
3.095027624309392422e+02 1.210000000000000000e+02 7.000000000000000000e+00 0.000000000000000000e+00
3.095856353591159973e+02 1.180000000000000000e+02 6.000000000000000000e+00 0.000000000000000000e+00
3.096685082872928092e+02 1.150000000000000000e+02 5.000000000000000000e+00 0.000000000000000000e+00
3.097513812154696211e+02 1.120000000000000000e+02 3.000000000000000000e+00 0.000000000000000000e+00
3.098342541436464330e+02 1.090000000000000000e+02 2.000000000000000000e+00 0.000000000000000000e+00
3.099171270718231881e+02 1.070000000000000000e+02 2.000000000000000000e+00 0.000000000000000000e+00
